-5423.9 8895.0 -21.8 183 0 32.1 21.6 10.0 0.0 0 0 4 4 4
-5445.1 8782.9 -21.7 182 0 25.1 18.5 10.0 2.5 2 0 4 1 1
-5419.4 8821.2 -20.8 93 0 27.0 8.4 5.0 2.5 2 0 2 4 4
-5412.5 8967.8 -22.4 273 0 27.3 8.4 2.5 2.5 2 0 1 0 0
-5413.9 8878.4 -20.8 273 0 21.6 49.0 5.0 2.5 2 0 2 5 5
-5412.4 8910.5 -22.3 93 0 21.6 48.9 10.0 2.5 2 0 4 2 2
-5509.5 8963.7 -21.8 182 0 11.9 26.1 12.5 2.5 2 1 5 5 5
-5431.5 9010.7 -22.2 1 0 18.1 8.8 2.5 0.0 0 0 1 4 4
-5127.9 8707.7 -21.5 270 0 12.8 20.1 10.0 2.5 2 1 4 4 4
-5546.8 9043.6 -22.7 2 0 22.1 15.8 7.5 2.5 2 0 3 1 1
-5518.6 8830.4 -22.0 182 0 11.1 7.6 7.5 2.5 4 0 3 1 1
5070.5 1586.5 2.4 180 0 14.7 42.9 10.0 2.5 2 1 4 2 2
6493.9 1895.6 2.1 265 0 14.7 32.1 12.5 0.0 0 1 5 1 1
3801.3 1524.2 2.4 268 0 37.1 20.0 10.0 0.0 0 0 4 4 4
6244.5 2047.2 3.0 307 0 12.5 9.3 2.5 2.5 2 0 1 4 4
4594.9 2391.5 10.1 94 0 8.1 16.5 5.0 2.5 2 1 2 0 0
4691.7 2572.0 11.6 113 0 15.3 22.9 7.5 2.5 4 1 3 4 4
