-5214.5 10549.2 -8.3 209 0 13.5 30.6 10.0 2.5 2 0 4 5 5
-5221.5 10536.6 -8.3 209 0 13.7 29.8 7.5 2.5 2 0 3 0 0
-5229.0 10502.9 -8.4 119 0 19.8 25.2 10.0 2.5 2 0 4 5 5
-5813.6 10383.6 -9.5 359 0 13.6 9.9 5.0 0.0 0 0 2 3 3
-5372.3 10192.6 -10.3 29 0 9.1 31.7 7.5 2.5 2 1 3 0 0
-6418.6 9722.6 -5.3 226 0 60.7 31.8 10.0 0.0 0 0 4 1 1
-6461.2 9607.3 -5.3 314 0 32.2 57.0 10.0 0.0 0 1 4 5 5
-5356.0 10296.4 -9.8 208 0 12.1 35.8 5.0 2.5 2 1 2 4 4
-5519.7 10860.8 -8.8 104 0 8.4 46.2 7.5 0.0 0 1 3 0 0
-5467.0 10956.8 -7.5 291 0 35.7 15.2 10.0 2.5 2 0 4 2 2
-5495.7 10976.0 -7.6 291 0 8.2 45.1 7.5 2.5 2 1 3 0 0
-5481.7 10888.2 -8.1 14 0 16.0 14.1 7.5 2.5 2 0 3 3 3
-5803.4 10897.5 -7.4 287 0 12.0 33.9 7.5 0.0 0 1 3 4 4
-5344.8 10312.9 -9.7 210 0 9.9 32.2 7.5 2.5 2 1 3 1 1
-5281.6 10394.9 -9.2 302 0 26.3 18.4 10.0 2.5 2 0 4 3 3
-5814.3 12174.7 -13.4 271 0 12.5 37.0 7.5 2.5 2 1 3 2 2
-5788.6 12174.4 -13.4 271 0 13.3 37.0 7.5 0.0 0 1 3 0 0
-5298.0 10515.4 -8.1 307 0 11.3 30.2 10.0 2.5 2 1 4 2 2
-5500.5 10773.7 -8.6 121 0 8.3 26.4 7.5 2.5 2 1 3 0 0
-5248.8 10476.5 -8.8 213 0 14.1 33.7 7.5 2.5 2 0 3 4 4
-5849.0 12156.6 -13.4 181 0 37.0 13.1 10.0 0.0 0 0 4 5 5
-5282.6 10404.1 -9.0 119 0 22.0 17.7 10.0 2.5 4 0 4 1 1
-5477.2 10769.9 -8.4 127 0 14.2 19.5 5.0 2.5 2 1 2 4 4
1590.3 2351.8 -3.3 269 0 56.9 23.7 12.5 2.5 4 0 5 4 4
-5895.9 10723.2 -8.4 185 0 21.4 14.1 10.0 2.5 2 0 4 1 1
1319.3 3067.7 1.7 358 0 9.5 51.8 7.5 2.5 2 1 3 2 2
5603.1 11551.9 -9.0 50 0 47.4 27.2 14.0 0.0 0 0 4 1 1
5793.8 11810.6 -10.2 1 0 18.2 17.9 10.5 3.5 2 0 3 0 0
6886.3 11605.4 -11.0 1 0 13.4 20.5 10.5 0.0 0 1 3 0 0
5835.4 11996.2 -11.3 271 0 8.8 10.6 10.5 3.5 2 1 3 4 4
5916.2 12016.3 -11.4 88 0 23.2 18.2 14.0 3.5 2 0 4 3 3
5644.3 11995.8 -11.6 179 0 6.8 9.7 10.5 3.5 2 1 3 5 5
6890.3 11536.8 -11.1 91 0 47.9 31.4 10.5 0.0 0 0 3 5 5
5717.9 11904.2 -10.9 181 0 10.3 12.7 10.5 0.0 0 1 3 0 0
5927.3 11957.4 -10.9 177 0 16.4 27.6 14.0 3.5 2 1 4 4 4
5806.2 11882.8 -10.6 32 0 7.1 15.1 10.5 3.5 2 1 3 3 3
5822.7 11974.8 -11.2 216 0 7.2 7.7 10.5 3.5 2 1 3 1 1
5750.6 11918.2 -11.0 2 0 9.6 25.7 10.5 3.5 2 1 3 3 3
5680.7 11817.4 -10.4 114 0 15.7 16.6 14.0 3.5 2 1 4 2 2
5288.8 12140.0 -13.3 2 0 17.3 43.6 14.0 3.5 2 1 4 4 4
5836.6 11792.3 -9.9 269 0 18.8 39.7 10.5 3.5 2 1 3 4 4
6778.9 11982.2 -11.5 89 0 13.2 15.6 14.0 3.5 4 1 4 4 4
5882.1 11788.1 -9.8 269 0 9.9 8.2 10.5 3.5 2 0 3 0 0
5804.9 11793.9 -10.0 269 0 14.0 41.1 10.5 3.5 2 1 3 5 5
6707.3 11804.4 -11.9 359 0 6.7 17.0 10.5 3.5 2 1 3 2 2
5517.8 11755.1 -10.2 137 0 7.7 20.8 5.0 0.0 0 1 2 3 3
5764.4 11934.8 -11.0 2 0 7.5 10.7 10.5 0.0 0 1 3 1 1
6673.1 11780.2 -11.9 179 0 9.1 15.3 10.5 3.5 2 1 3 5 5
6677.8 11834.9 -11.7 269 0 11.0 13.4 14.0 3.5 2 1 4 3 3
6611.9 11883.9 -11.3 178 0 16.8 16.0 14.0 3.5 2 0 4 2 2
6851.8 11788.0 -11.1 359 0 10.7 17.0 14.0 3.5 2 1 4 3 3
5886.0 11963.8 -11.1 3 0 7.6 17.2 10.5 3.5 2 1 3 2 2
5748.6 12026.9 -11.7 91 0 9.0 15.8 10.5 3.5 2 1 3 0 0
6342.1 12178.1 -11.8 130 0 20.9 21.2 14.0 3.5 2 1 4 2 2
5784.3 11795.3 -10.0 270 0 23.4 44.7 10.5 0.0 0 1 3 2 2
5780.1 12036.0 -11.7 180 0 35.5 7.3 10.5 3.5 2 0 3 2 2
5773.3 12000.2 -11.4 275 0 8.9 9.6 10.5 3.5 4 1 3 2 2
5804.1 12018.4 -11.7 89 0 9.9 34.6 10.5 3.5 2 1 3 3 3
5819.7 12051.7 -11.8 91 0 13.5 21.4 14.0 3.5 4 1 4 4 4
5836.7 12047.2 -11.8 90 0 13.2 26.4 14.0 3.5 2 1 4 0 0
5793.4 12018.5 -11.7 89 0 9.4 34.6 10.5 3.5 2 1 3 1 1
6854.5 11855.3 -11.2 3 0 11.3 15.4 14.0 3.5 2 1 4 5 5
6786.5 11746.9 -11.7 89 0 35.6 55.0 14.0 0.0 0 1 4 3 3
6851.8 11742.6 -11.0 93 0 14.4 8.7 10.5 3.5 2 0 3 5 5
5542.8 11579.0 -9.0 141 0 28.7 7.6 10.5 3.5 4 0 3 3 3
5545.2 11638.7 -9.3 323 0 10.9 11.9 14.0 3.5 2 1 4 3 3
-5631.1 11646.2 -10.9 271 0 14.7 19.1 12.5 2.5 2 1 5 2 2
-5587.6 11525.5 -10.3 85 0 39.1 17.4 10.0 2.5 2 0 4 1 1
-5629.7 11552.1 -10.2 178 0 10.1 17.1 7.5 2.5 2 1 3 5 5
-5627.9 11585.0 -10.5 180 0 9.2 13.1 7.5 2.5 2 1 3 3 3
-5618.7 11502.8 -9.7 268 0 12.9 11.4 10.0 2.5 2 0 4 5 5
-5627.8 11573.1 -10.4 181 0 10.3 15.3 10.0 2.5 2 1 4 3 3
-5566.7 11487.8 -10.8 357 0 10.7 37.3 12.5 2.5 2 1 5 1 1
-3436.8 12065.4 -13.2 180 0 7.9 11.1 5.0 2.5 4 1 2 4 4
-3633.2 12162.1 -11.9 180 0 10.5 15.7 2.5 2.5 2 1 1 4 4
-3394.6 12061.5 -13.2 180 0 8.8 9.6 7.5 2.5 2 1 3 0 0
-4254.6 11858.5 -10.7 0 0 4.9 14.6 5.0 2.5 2 1 2 1 1
-2831.3 11882.7 -14.2 0 0 12.4 6.1 5.0 2.5 4 0 2 1 1
-3229.5 11811.6 -10.6 180 0 11.4 14.2 7.5 2.5 4 1 3 2 2
-4313.5 12026.9 -11.0 180 0 6.1 14.7 5.0 2.5 2 1 2 3 3
-4249.9 11868.6 -10.9 180 0 8.2 10.6 5.0 0.0 0 1 2 4 4
-2847.2 11896.3 -14.1 180 0 9.5 5.0 7.5 2.5 2 0 3 2 2
-3435.4 12100.8 -13.3 180 0 5.3 19.5 2.5 2.5 2 1 1 0 0
-2930.0 11961.3 -14.0 90 0 9.1 17.5 2.5 2.5 2 1 1 4 4
-3533.6 12124.8 -12.7 0 0 6.1 24.3 5.0 0.0 0 1 2 3 3
-3395.7 12084.1 -13.4 0 0 10.0 19.1 7.5 2.5 2 1 3 0 0
-4254.1 11945.6 -11.0 0 0 4.6 14.5 7.5 2.5 2 1 3 0 0
-2830.4 12066.6 -12.5 90 0 5.4 11.0 5.0 2.5 2 1 2 3 3
-3436.0 12117.7 -12.9 180 0 7.1 19.0 7.5 2.5 2 1 3 5 5
-2834.5 11958.6 -12.8 90 0 11.9 18.8 7.5 2.5 2 1 3 2 2
-3401.5 11986.2 -12.5 0 0 3.5 16.6 2.5 2.5 2 1 1 3 3
-4255.9 11964.8 -11.0 0 0 5.5 11.8 7.5 2.5 2 1 3 1 1
-2800.3 11995.5 -12.2 270 0 10.7 17.3 5.0 0.0 0 1 2 4 4
-3577.2 12056.6 -12.9 90 0 7.9 17.6 5.0 2.5 2 1 2 3 3
-3428.1 12048.3 -13.2 270 0 20.0 13.4 7.5 0.0 0 0 3 5 5
-2766.6 12061.9 -10.4 270 0 11.7 17.7 7.5 2.5 2 1 3 4 4
-3396.9 12000.2 -12.8 0 0 7.5 20.5 2.5 0.0 0 1 1 1 1
-4250.4 11878.1 -10.9 180 0 7.6 11.0 7.5 2.5 2 1 3 1 1
-3236.4 11789.4 -10.5 180 0 8.9 11.3 7.5 2.5 2 1 3 1 1
-2893.0 11995.1 -13.3 270 0 10.0 14.2 5.0 0.0 0 1 2 3 3
-3676.9 12217.9 -10.4 0 0 5.2 10.4 2.5 2.5 4 1 1 2 2
-3275.9 11839.3 -9.9 0 0 12.9 20.1 7.5 2.5 2 1 3 4 4
-2892.0 11970.8 -13.4 90 0 5.3 6.5 5.0 2.5 2 1 2 3 3
-4250.5 11887.3 -11.0 180 0 8.5 11.5 7.5 2.5 4 1 3 0 0
-2906.4 11995.7 -13.5 270 0 12.5 14.9 5.0 2.5 2 1 2 2 2
-2913.2 11960.7 -13.9 90 0 7.3 16.5 7.5 2.5 2 1 3 4 4
-3705.1 12061.9 -12.7 90 0 15.5 16.4 10.0 2.5 2 1 4 2 2
-2770.6 12067.3 -11.4 90 0 13.3 9.2 5.0 2.5 2 0 2 3 3
-3618.6 12052.8 -12.6 270 0 5.1 16.9 5.0 2.5 2 1 2 4 4
-3798.7 12223.7 -10.4 0 0 13.3 14.7 5.0 2.5 2 1 2 5 5
-2898.4 11960.7 -13.6 90 0 4.9 17.8 5.0 2.5 2 1 2 3 3
-3701.4 12198.7 -11.1 270 0 7.8 10.0 7.5 2.5 2 1 3 1 1
-3412.7 12053.7 -13.2 90 0 5.5 15.4 5.0 2.5 2 1 2 0 0
-2808.3 12063.6 -10.9 270 0 7.1 18.5 7.5 2.5 2 1 3 0 0
-3635.5 12068.1 -12.9 180 0 14.1 6.6 5.0 2.5 2 0 2 1 1
-3384.1 12073.9 -13.3 180 0 16.1 10.4 7.5 2.5 4 0 3 2 2
-2784.4 12062.6 -10.7 270 0 17.2 18.6 7.5 2.5 2 1 3 2 2
-3632.4 12141.3 -12.4 180 0 5.8 14.9 5.0 2.5 2 1 2 5 5
-3406.6 12049.2 -13.3 270 0 20.5 13.4 12.5 2.5 2 0 5 5 5
-3348.5 12043.6 -13.4 180 0 10.7 14.2 7.5 2.5 2 1 3 3 3
-3637.2 12027.3 -12.8 180 0 10.8 18.7 10.0 2.5 2 1 4 0 0
-623.2 12172.6 -3.9 254 0 16.2 22.7 10.0 2.5 4 1 4 5 5
74.3 11848.5 -15.3 91 0 24.5 9.2 2.5 2.5 2 0 1 5 5
117.7 12069.2 -14.2 1 0 14.8 19.9 12.5 2.5 2 1 5 2 2
744.1 11893.7 -16.1 213 0 5.3 11.4 7.5 2.5 2 1 3 3 3
73.6 11833.4 -15.4 179 0 10.0 7.8 7.5 0.0 0 0 3 1 1
1403.9 11543.1 -18.3 272 0 14.0 51.3 7.5 2.5 2 1 3 3 3
577.5 12102.6 -13.8 95 0 10.1 14.1 5.0 2.5 2 1 2 5 5
1374.9 11486.1 -18.2 182 0 10.8 9.5 7.5 2.5 2 0 3 5 5
80.2 11896.4 -15.3 358 0 8.0 5.2 5.0 2.5 2 0 2 1 1
1750.9 11501.6 -18.3 270 0 16.8 8.3 5.0 2.5 4 0 2 0 0
180.3 12229.3 -10.1 91 0 10.4 8.2 5.0 2.5 2 0 2 0 0
163.9 11846.3 -15.6 177 0 9.6 10.6 7.5 2.5 4 1 3 2 2
428.3 12213.3 -11.3 272 0 13.7 7.5 5.0 2.5 2 0 2 3 3
-100.1 12194.0 -10.9 2 0 14.9 15.4 10.0 2.5 2 1 4 0 0
-259.9 12187.3 -10.8 270 0 7.8 8.2 7.5 2.5 2 1 3 4 4
-340.6 12218.4 -9.9 268 0 16.9 12.6 5.0 2.5 2 0 2 5 5
1375.7 11495.9 -18.2 90 0 13.2 51.1 15.0 2.5 2 1 6 2 2
168.8 11864.8 -15.6 88 0 9.5 6.9 5.0 2.5 2 0 2 4 4
1736.7 11523.5 -18.4 92 0 13.0 10.7 5.0 2.5 2 0 2 3 3
152.9 12147.5 -12.5 92 0 12.0 11.3 2.5 2.5 2 0 1 4 4
274.0 12121.2 -13.7 270 0 10.2 12.8 7.5 2.5 2 1 3 3 3
552.1 11802.2 -16.7 88 0 12.1 9.2 2.5 2.5 4 0 1 2 2
246.0 12115.8 -13.7 179 0 15.6 10.6 5.0 2.5 2 0 2 5 5
169.2 11954.0 -15.4 268 0 9.7 10.0 5.0 0.0 0 1 2 5 5
170.4 12086.4 -14.0 181 0 9.5 10.5 7.5 2.5 4 1 3 3 3
152.9 12182.4 -11.9 267 0 12.5 11.8 10.0 0.0 0 0 4 5 5
109.9 12230.2 -10.2 181 0 12.1 9.3 5.0 2.5 2 0 2 0 0
298.0 12092.1 -14.1 269 0 17.8 17.3 5.0 2.5 2 0 2 2 2
570.0 11876.6 -16.1 93 0 16.2 25.2 10.0 2.5 4 1 4 4 4
-34.6 12168.5 -11.7 1 0 12.0 10.4 5.0 2.5 2 0 2 5 5
318.6 12089.3 -14.1 267 0 7.3 14.4 2.5 2.5 2 1 1 4 4
790.2 11622.8 -17.6 91 0 18.3 11.9 7.5 0.0 0 0 3 0 0
219.2 12107.1 -13.8 179 0 13.4 10.0 7.5 2.5 2 0 3 2 2
87.9 12140.3 -12.6 89 0 11.8 18.2 7.5 2.5 2 1 3 1 1
64.3 11865.0 -15.3 180 0 8.5 8.4 5.0 2.5 2 0 2 4 4
169.1 12117.0 -13.7 180 0 12.6 13.7 10.0 2.5 4 1 4 0 0
828.0 11784.9 -17.2 1 0 18.1 11.0 7.5 2.5 2 0 3 1 1
100.7 12228.6 -10.2 359 0 14.2 7.3 5.0 2.5 2 0 2 2 2
874.9 11853.4 -16.5 270 0 19.7 13.3 12.5 2.5 2 0 5 3 3
668.2 12005.4 -14.8 89 0 25.3 23.8 7.5 0.0 0 0 3 5 5
401.6 12089.9 -14.1 271 0 5.7 19.5 7.5 2.5 4 1 3 1 1
259.3 11983.9 -15.1 357 0 9.5 8.0 7.5 2.5 2 0 3 2 2
750.1 11678.7 -17.4 318 0 17.6 14.1 5.0 2.5 2 0 2 1 1
774.9 11860.7 -16.3 90 0 11.6 20.1 7.5 2.5 2 1 3 0 0
-1084.3 11978.5 -9.3 347 0 6.6 5.5 7.5 2.5 2 0 3 2 2
610.5 12165.4 -13.4 271 0 10.6 19.5 5.0 2.5 2 1 2 2 2
-925.4 11992.9 -9.7 0 0 6.6 6.5 2.5 2.5 2 0 1 3 3
154.5 11832.9 -15.6 272 0 8.8 6.6 2.5 2.5 2 0 1 5 5
750.0 11845.9 -16.5 45 0 8.4 9.0 5.0 2.5 2 1 2 2 2
621.8 12106.0 -13.7 92 0 23.7 14.7 10.0 2.5 2 0 4 0 0
791.8 11815.8 -16.8 90 0 4.2 11.3 7.5 2.5 2 1 3 2 2
469.7 12122.8 -13.6 1 0 13.1 16.4 2.5 2.5 4 1 1 2 2
-3223.3 12040.6 -13.5 3 0 15.9 21.9 10.0 2.5 2 1 4 4 4
-3074.7 11687.3 -12.4 2 0 7.9 20.2 2.5 2.5 2 1 1 5 5
-3696.3 12002.2 -12.8 179 0 9.2 19.1 5.0 2.5 2 1 2 0 0
-4014.4 12179.9 -11.6 1 0 6.6 20.8 5.0 2.5 2 1 2 4 4
-3801.4 12105.0 -12.8 1 0 6.9 12.9 5.0 2.5 2 1 2 1 1
-2991.3 11718.0 -11.2 1 0 10.4 6.4 7.5 0.0 0 0 3 5 5
-3654.2 12027.1 -12.7 359 0 12.4 4.5 5.0 2.5 2 0 2 1 1
-3733.4 12165.0 -11.8 2 0 7.5 15.4 7.5 2.5 2 1 3 0 0
-3793.1 12083.7 -12.7 182 0 11.7 17.5 5.0 2.5 2 1 2 4 4
-3265.2 11985.4 -12.4 180 0 4.6 19.2 7.5 2.5 2 1 3 1 1
-3735.0 12097.1 -12.8 1 0 8.5 25.7 2.5 2.5 2 1 1 4 4
-3196.3 11796.2 -11.5 181 0 14.7 27.5 7.5 2.5 2 1 3 2 2
-3254.3 12048.2 -13.5 270 0 12.9 13.8 5.0 2.5 2 1 2 2 2
-3170.0 11907.2 -11.6 92 0 7.4 16.5 5.0 2.5 2 1 2 5 5
-3863.8 11872.7 -10.6 2 0 6.1 14.1 7.5 2.5 2 1 3 2 2
-2991.2 11730.8 -11.2 5 0 10.1 6.8 5.0 2.5 2 0 2 2 2
-3109.5 11746.2 -12.4 183 0 9.1 15.7 7.5 2.5 2 1 3 5 5
-3223.9 12023.7 -13.1 360 0 7.0 14.8 2.5 2.5 2 1 1 5 5
-3005.6 11729.6 -11.7 0 0 9.4 6.2 5.0 2.5 2 0 2 5 5
-3800.9 12118.2 -12.8 1 0 14.2 13.1 5.0 2.5 4 0 2 2 2
-3799.1 12005.6 -12.6 180 0 9.2 13.5 2.5 2.5 2 1 1 0 0
-3693.2 12031.5 -12.4 179 0 5.1 9.2 2.5 2.5 2 1 1 4 4
-3798.6 11941.4 -11.9 181 0 8.6 11.6 7.5 2.5 2 1 3 4 4
-3766.7 11951.1 -12.0 182 0 8.3 13.6 2.5 2.5 2 1 1 2 2
-3802.5 12079.3 -12.6 1 0 8.1 11.7 5.0 2.5 2 1 2 1 1
-3251.5 11995.5 -12.7 182 0 11.8 4.9 7.5 2.5 2 0 3 0 0
-3806.4 11854.1 -10.3 2 0 12.6 12.4 5.0 2.5 2 0 2 1 1
-3764.0 12149.3 -12.3 180 0 7.3 31.1 2.5 2.5 2 1 1 4 4
-3194.9 11899.9 -11.4 181 0 6.3 19.1 7.5 2.5 2 1 3 2 2
-3218.8 12026.8 -13.2 183 0 7.5 17.7 5.0 2.5 2 1 2 2 2
-3258.8 12027.2 -13.2 180 0 8.5 10.9 5.0 2.5 2 1 2 3 3
-3108.5 11756.9 -12.5 181 0 8.8 14.5 2.5 0.0 0 1 1 3 3
-3266.6 11994.4 -12.7 182 0 11.3 14.3 5.0 2.5 2 1 2 2 2
-4055.9 12203.2 -11.1 181 0 10.9 21.2 5.0 2.5 2 1 2 1 1
-3834.9 11867.4 -10.5 358 0 8.5 11.2 5.0 2.5 2 1 2 0 0
-3042.7 11631.0 -12.3 92 0 10.1 14.9 2.5 0.0 0 1 1 1 1
-4513.1 12232.3 -10.8 1 0 12.9 19.8 10.0 2.5 2 1 4 1 1
-4571.6 12157.8 -11.8 182 0 6.7 8.1 2.5 2.5 2 1 1 4 4
-3800.8 11573.8 -9.7 359 0 13.9 18.2 12.5 2.5 2 1 5 1 1
-4498.1 12151.7 -11.9 359 0 5.5 14.2 7.5 2.5 2 1 3 1 1
-4504.3 12187.0 -11.8 270 0 16.5 5.3 2.5 2.5 2 0 1 4 4
-4081.3 12092.1 -12.2 0 0 9.4 9.5 7.5 2.5 2 1 3 4 4
-4064.5 12127.0 -12.5 1 0 21.9 10.1 7.5 2.5 2 0 3 5 5
-3877.8 11621.8 -11.0 90 0 9.9 17.2 2.5 2.5 2 1 1 4 4
-3954.0 11644.0 -12.2 90 0 6.8 15.0 7.5 2.5 2 1 3 4 4
-4606.2 12200.2 -11.5 182 0 8.3 8.7 5.0 2.5 2 1 2 5 5
-3848.7 11469.7 -12.8 92 0 11.9 19.5 10.0 2.5 2 1 4 4 4
-4543.4 12229.7 -10.8 89 0 8.5 10.4 7.5 2.5 2 1 3 5 5
-3836.7 11523.8 -10.1 2 0 18.0 5.8 7.5 2.5 2 0 3 0 0
-3820.2 11500.9 -11.4 2 0 19.7 7.7 7.5 2.5 4 0 3 3 3
-4550.7 12146.3 -11.8 182 0 9.0 16.9 7.5 2.5 4 1 3 3 3
-3943.8 11642.7 -12.0 89 0 5.1 7.3 2.5 2.5 2 1 1 0 0
-3862.4 11544.3 -10.2 271 0 6.7 16.7 5.0 2.5 2 1 2 0 0
-4088.7 12030.3 -11.5 92 0 8.0 7.8 7.5 2.5 2 0 3 1 1
-3976.0 11668.8 -12.5 270 0 6.9 12.2 2.5 2.5 4 1 1 0 0
-4118.9 12068.8 -12.0 180 0 10.3 23.8 5.0 2.5 4 1 2 3 3
-4599.9 12222.2 -11.1 273 0 5.6 12.4 7.5 2.5 2 1 3 2 2
-4548.7 12156.9 -11.9 179 0 10.7 16.1 7.5 2.5 2 1 3 2 2
-4619.9 12150.5 -11.7 179 0 6.9 19.0 5.0 0.0 0 1 2 5 5
-4549.0 12167.9 -11.9 182 0 7.5 16.5 7.5 2.5 2 1 3 2 2
-4616.8 12189.3 -11.8 182 0 10.9 18.7 7.5 2.5 2 1 3 1 1
-3773.7 11554.2 -9.0 183 0 12.8 9.5 5.0 2.5 4 0 2 3 3
-3835.8 11470.0 -12.7 94 0 12.3 19.0 7.5 2.5 2 1 3 4 4
-4943.6 11940.6 -11.6 180 0 13.2 16.0 7.5 2.5 2 1 3 4 4
761.5 11941.6 -15.5 89 0 14.3 15.8 5.0 2.5 2 1 2 2 2
-52.6 12228.8 -9.9 182 0 10.5 10.7 7.5 2.5 2 1 3 1 1
-39.5 12227.3 -10.2 181 0 27.2 11.3 7.5 2.5 2 0 3 5 5
120.8 12177.9 -11.8 359 0 12.9 16.3 5.0 2.5 4 1 2 2 2
-152.0 12187.0 -10.8 90 0 19.8 16.8 10.0 0.0 0 0 4 0 0
-198.7 12173.9 -11.2 358 0 8.1 10.6 7.5 2.5 2 1 3 5 5
-3829.1 11951.5 -12.0 178 0 5.6 11.3 5.0 2.5 2 1 2 0 0
-2590.6 12198.3 -10.3 359 0 9.1 14.0 5.0 2.5 4 1 2 1 1
-3829.9 11814.6 -9.6 178 0 6.8 16.9 5.0 2.5 2 1 2 1 1
-3828.0 12022.0 -12.2 181 0 5.5 11.9 2.5 0.0 0 1 1 5 5
-2581.1 12145.0 -11.6 181 0 6.1 13.1 7.5 2.5 2 1 3 1 1
-2552.7 12137.0 -11.8 0 0 7.1 14.0 7.5 2.5 2 1 3 5 5
-2580.0 12128.3 -12.1 180 0 7.9 12.1 7.5 2.5 2 1 3 1 1
-2552.2 12119.4 -12.3 359 0 8.4 13.9 7.5 2.5 2 1 3 2 2
-2552.2 12156.4 -11.4 359 0 10.1 14.9 5.0 2.5 2 1 2 1 1
-3836.2 11788.7 -10.2 2 0 8.4 17.8 5.0 2.5 2 1 2 1 1
-3622.8 11539.0 -8.2 1 0 8.1 25.1 5.0 2.5 2 1 2 1 1
-2581.6 12154.9 -11.4 178 0 10.0 13.4 2.5 2.5 2 1 1 0 0
-2552.2 12128.4 -12.1 1 0 7.7 14.3 7.5 2.5 2 1 3 3 3
-2585.1 12163.5 -11.2 360 0 9.3 18.8 2.5 2.5 2 1 1 5 5
-2460.8 12223.6 -9.6 272 0 8.0 6.5 2.5 0.0 0 0 1 0 0
-2551.0 12146.1 -11.6 358 0 7.8 15.6 5.0 2.5 2 1 2 0 0
-3597.8 11893.8 -10.9 179 0 7.2 10.5 2.5 2.5 4 1 1 0 0
-3663.6 11914.8 -11.6 90 0 12.1 18.3 5.0 2.5 2 1 2 3 3
-3638.5 11857.8 -10.3 1 0 5.9 11.8 7.5 0.0 0 1 3 3 3
-3529.7 11927.6 -11.5 358 0 5.1 11.8 7.5 2.5 2 1 3 0 0
-3589.1 11977.6 -12.4 179 0 8.2 12.8 5.0 2.5 2 1 2 1 1
-2983.8 12177.8 -11.1 181 0 6.6 12.7 7.5 2.5 2 1 3 0 0
-3530.0 11943.8 -11.8 360 0 5.9 12.0 2.5 2.5 2 1 1 0 0
-4055.4 11519.3 -11.2 270 0 6.8 17.1 5.0 2.5 2 1 2 5 5
-3716.8 11595.4 -8.3 181 0 6.4 14.5 5.0 2.5 2 1 2 4 4
-3672.8 12163.1 -11.9 179 0 13.5 17.3 5.0 2.5 2 1 2 4 4
-3678.9 12155.1 -12.1 5 0 10.3 14.9 7.5 2.5 2 1 3 0 0
-3679.1 12066.7 -12.7 357 0 13.1 14.8 5.0 2.5 4 1 2 3 3
-3499.7 12141.0 -12.3 1 0 5.7 12.5 7.5 2.5 2 1 3 0 0
-2978.8 12187.7 -10.8 179 0 10.4 20.2 5.0 2.5 2 1 2 2 2
-4415.8 11772.3 -10.2 92 0 12.4 13.5 5.0 2.5 2 1 2 0 0
-3478.5 12128.7 -12.6 182 0 7.3 17.5 7.5 2.5 2 1 3 0 0
-3163.7 12029.6 -13.3 2 0 9.0 13.4 7.5 2.5 4 1 3 2 2
-3643.3 11927.9 -11.6 4 0 9.4 13.0 5.0 0.0 0 1 2 5 5
-3785.3 11728.3 -9.5 3 0 5.7 9.3 5.0 2.5 2 1 2 0 0
-3620.5 11614.2 -7.1 3 0 18.9 7.4 5.0 2.5 2 0 2 0 0
-3562.2 11998.0 -12.8 0 0 11.2 13.1 7.5 2.5 2 1 3 0 0
-3662.4 11757.5 -8.6 91 0 8.9 10.4 5.0 2.5 2 1 2 4 4
-3199.5 12053.0 -13.6 92 0 13.3 6.4 7.5 2.5 2 0 3 1 1
-3680.1 12126.0 -12.9 5 0 11.7 15.2 5.0 2.5 2 1 2 4 4
-3684.1 11880.3 -10.8 1 0 13.5 7.2 5.0 2.5 2 0 2 1 1
-3722.1 11575.5 -8.5 2 0 8.7 13.5 7.5 2.5 4 1 3 1 1
-3565.4 11928.6 -11.5 357 0 8.0 10.4 5.0 2.5 2 1 2 5 5
-3465.8 11611.4 -6.1 303 0 10.0 24.9 7.5 2.5 2 1 3 2 2
-3680.0 12143.5 -12.4 358 0 7.5 15.7 2.5 2.5 2 1 1 0 0
-3725.9 12099.4 -12.9 182 0 5.6 12.7 7.5 2.5 2 1 3 0 0
-4279.8 11631.4 -10.0 182 0 9.5 12.7 2.5 2.5 2 1 1 1 1
-3772.8 11725.8 -9.1 179 0 5.8 5.4 7.5 2.5 2 0 3 5 5
-3706.4 11838.3 -10.0 179 0 7.5 17.8 7.5 2.5 2 1 3 2 2
-3426.8 11866.8 -10.4 180 0 8.0 12.4 5.0 2.5 2 1 2 4 4
-2907.1 11678.8 -10.0 179 0 19.4 9.2 2.5 2.5 2 0 1 2 2
-3111.4 11901.1 -12.6 0 0 11.8 14.1 7.5 2.5 2 1 3 2 2
-3012.4 12051.9 -13.6 92 0 6.9 20.8 5.0 2.5 2 1 2 1 1
-2981.6 12218.2 -10.0 179 0 7.4 12.9 5.0 2.5 2 1 2 4 4
-3111.1 11883.5 -12.6 0 0 6.6 15.0 5.0 0.0 0 1 2 5 5
-2966.0 11781.4 -10.8 177 0 10.8 14.6 7.5 2.5 2 1 3 4 4
-3019.2 11906.0 -12.4 184 0 7.2 13.5 2.5 2.5 2 1 1 1 1
-2890.8 11783.8 -11.8 270 0 9.2 19.8 5.0 2.5 2 1 2 4 4
-2845.2 11567.6 -13.8 357 0 12.9 17.8 5.0 2.5 2 1 2 4 4
-2997.8 11831.4 -11.5 270 0 6.3 11.4 5.0 0.0 0 1 2 0 0
-2799.7 11695.5 -11.0 92 0 9.7 22.7 2.5 2.5 4 1 1 0 0
-3117.7 11916.4 -12.6 92 0 13.9 11.6 7.5 2.5 2 0 3 4 4
-2989.4 12202.9 -10.4 1 0 6.5 14.8 7.5 0.0 0 1 3 0 0
-3062.1 11793.2 -12.9 91 0 6.4 19.1 2.5 2.5 2 1 1 4 4
-3007.0 11927.9 -12.5 92 0 11.3 12.6 10.0 2.5 2 1 4 1 1
-3079.2 11864.5 -13.1 179 0 8.9 15.5 5.0 2.5 4 1 2 5 5
-3048.1 12003.4 -13.6 359 0 8.9 13.3 2.5 2.5 2 1 1 1 1
-3155.9 11869.2 -12.0 179 0 6.8 15.4 5.0 2.5 2 1 2 2 2
-2998.0 11904.9 -12.0 270 0 8.9 19.7 5.0 2.5 2 1 2 1 1
-2937.8 11786.5 -11.0 270 0 6.3 14.0 5.0 2.5 2 1 2 4 4
-2987.5 11919.8 -12.4 271 0 5.3 19.2 2.5 2.5 2 1 1 0 0
-3081.0 11892.3 -13.2 183 0 8.8 16.7 2.5 2.5 2 1 1 5 5
-4756.6 11518.2 -10.1 272 0 10.6 13.7 2.5 2.5 2 1 1 0 0
-4276.4 11585.2 -9.9 184 0 6.9 7.3 5.0 2.5 2 1 2 1 1
-5596.3 11691.8 -11.0 1 0 9.0 8.6 5.0 0.0 0 0 2 4 4
-5304.0 11672.5 -11.9 93 0 8.7 11.4 7.5 2.5 2 1 3 5 5
-5331.8 11757.8 -11.3 6 0 7.9 16.9 2.5 2.5 4 1 1 3 3
-4869.2 11653.3 -10.7 90 0 9.8 6.6 5.0 2.5 2 0 2 2 2
-5312.4 11797.9 -11.0 86 0 14.7 8.7 5.0 2.5 2 0 2 5 5
-4329.0 11543.8 -9.5 3 0 8.8 14.6 5.0 2.5 2 1 2 4 4
-4591.9 11557.1 -9.8 179 0 17.4 8.0 7.5 2.5 2 0 3 1 1
-4687.7 11478.8 -9.9 90 0 5.7 7.3 5.0 2.5 2 1 2 3 3
-4377.0 11617.4 -9.8 0 0 4.3 20.6 5.0 2.5 4 1 2 5 5
-4495.8 11525.3 -9.6 92 0 15.0 21.2 7.5 2.5 2 1 3 0 0
-5496.1 11673.7 -11.5 273 0 6.7 10.5 7.5 2.5 2 1 3 1 1
-5554.5 11632.2 -11.4 184 0 9.7 32.7 7.5 0.0 0 1 3 2 2
-4535.0 11566.6 -9.8 270 0 7.1 17.2 7.5 0.0 0 1 3 3 3
-5068.4 11544.7 -10.2 184 0 9.5 16.7 2.5 2.5 4 1 1 3 3
-4466.9 11588.8 -9.8 91 0 5.3 16.3 5.0 2.5 2 1 2 1 1
-3321.0 11797.9 -9.1 3 0 9.6 4.8 7.5 2.5 4 0 3 4 4
-2965.7 11931.5 -13.2 181 0 14.2 9.3 7.5 2.5 2 0 3 1 1
-3319.9 12111.2 -13.0 0 0 12.7 6.1 2.5 0.0 0 0 1 3 3
-3320.7 12199.0 -10.7 0 0 6.3 11.8 5.0 2.5 4 1 2 0 0
-3438.3 12222.9 -10.2 359 0 9.5 11.3 5.0 2.5 2 1 2 2 2
-3044.9 11822.4 -12.9 271 0 5.5 9.5 2.5 2.5 2 1 1 0 0
-3262.4 12115.0 -12.7 89 0 9.7 8.7 2.5 2.5 2 0 1 3 3
-3408.8 12185.6 -11.1 179 0 7.1 16.5 7.5 2.5 2 1 3 0 0
-3321.1 12145.2 -12.1 5 0 5.9 11.1 7.5 2.5 2 1 3 4 4
-3551.8 11888.1 -10.8 0 0 11.1 19.0 2.5 2.5 2 1 1 1 1
-3344.8 12212.7 -10.4 181 0 6.5 11.3 5.0 2.5 2 1 2 3 3
-3111.6 11541.1 -14.4 352 0 17.7 11.0 10.0 2.5 4 0 4 2 2
-3469.6 11731.6 -7.9 271 0 9.6 23.3 5.0 2.5 2 1 2 5 5
-3771.2 12220.0 -10.5 355 0 7.3 11.8 5.0 2.5 2 1 2 2 2
-3320.5 11846.9 -10.0 358 0 7.4 16.3 7.5 2.5 2 1 3 4 4
-3407.8 11681.1 -7.2 140 0 8.2 9.0 7.5 2.5 2 1 3 5 5
-3215.6 11654.2 -10.7 221 0 12.5 8.1 5.0 2.5 2 0 2 0 0
-3397.7 11710.9 -7.6 0 0 8.7 4.6 5.0 2.5 2 0 2 0 0
-3559.0 11587.1 -6.0 89 0 4.4 18.4 5.0 2.5 2 1 2 2 2
-3352.1 11991.8 -12.6 0 0 8.7 19.2 7.5 2.5 2 1 3 3 3
-2653.1 12170.0 -11.1 359 0 8.1 12.8 7.5 2.5 2 1 3 0 0
-3302.1 12172.7 -11.4 180 0 9.4 11.8 5.0 2.5 2 1 2 3 3
-3261.1 12165.3 -11.6 1 0 7.8 11.8 2.5 2.5 2 1 1 2 2
-3431.4 11782.8 -8.8 271 0 8.2 11.0 2.5 2.5 2 1 1 3 3
-3117.6 11635.5 -11.9 305 0 17.9 8.4 2.5 2.5 2 0 1 4 4
-3142.9 11817.4 -12.1 182 0 8.6 8.4 5.0 0.0 0 0 2 5 5
-3121.9 11626.9 -11.9 312 0 16.9 7.9 7.5 2.5 2 0 3 2 2
-3415.2 11698.9 -7.4 181 0 10.4 9.1 2.5 2.5 4 0 1 5 5
-2872.2 11848.9 -13.1 1 0 10.6 10.8 2.5 2.5 2 1 1 3 3
-3061.3 11788.6 -12.8 271 0 19.3 10.6 10.0 2.5 2 0 4 1 1
-3070.6 11991.1 -13.5 182 0 9.5 8.8 5.0 2.5 2 0 2 4 4
-3016.4 11836.1 -12.3 91 0 7.2 8.5 7.5 2.5 2 1 3 3 3
-3318.7 11865.2 -10.3 359 0 7.2 17.4 5.0 2.5 2 1 2 2 2
-3527.9 12009.3 -13.0 3 0 9.5 17.3 7.5 2.5 2 1 3 3 3
-3041.3 12087.3 -13.4 0 0 7.6 17.8 7.5 2.5 2 1 3 1 1
-3529.1 11991.0 -12.6 2 0 5.1 15.9 7.5 2.5 2 1 3 0 0
-4623.3 12137.4 -11.5 359 0 6.8 9.5 7.5 2.5 2 1 3 3 3
-3865.9 11829.7 -10.4 0 0 8.1 12.4 7.5 2.5 2 1 3 5 5
-4037.1 11665.8 -12.4 270 0 12.2 9.5 7.5 2.5 2 0 3 2 2
-3073.7 11783.2 -12.7 0 0 11.6 9.2 2.5 2.5 2 0 1 1 1
-4112.4 11479.5 -11.2 182 0 9.5 13.4 2.5 2.5 2 1 1 0 0
-3643.3 11499.8 -9.6 269 0 8.2 13.0 2.5 2.5 4 1 1 5 5
-4732.3 12215.4 -11.3 1 0 17.4 7.9 2.5 2.5 2 0 1 3 3
-4756.3 12223.6 -11.0 183 0 9.9 4.7 5.0 2.5 2 0 2 5 5
-3038.2 12042.3 -13.6 270 0 10.2 14.3 7.5 2.5 2 1 3 0 0
-4730.1 12195.6 -11.6 179 0 3.2 18.9 5.0 2.5 2 1 2 3 3
-4747.6 12224.0 -11.2 272 0 7.1 12.3 5.0 2.5 2 1 2 3 3
-4645.9 12157.5 -11.6 0 0 9.9 10.0 2.5 2.5 2 1 1 4 4
-3525.4 11924.9 -11.5 178 0 5.8 7.8 5.0 2.5 2 1 2 5 5
-3816.0 11685.5 -10.2 182 0 9.3 10.0 7.5 2.5 2 1 3 5 5
-3698.6 11503.7 -10.9 270 0 8.3 15.8 5.0 2.5 2 1 2 0 0
-3714.9 11698.0 -8.3 183 0 11.2 15.1 7.5 2.5 2 1 3 0 0
-3839.7 11624.6 -10.4 89 0 7.0 23.8 5.0 2.5 2 1 2 1 1
-3079.4 12029.4 -13.6 183 0 11.7 20.3 10.0 0.0 0 1 4 3 3
-2984.7 12144.7 -12.0 181 0 12.9 5.8 5.0 2.5 2 0 2 3 3
-4627.6 12229.5 -10.8 91 0 8.8 9.2 2.5 2.5 2 1 1 5 5
-3831.3 11763.9 -10.0 180 0 5.6 12.5 2.5 2.5 4 1 1 4 4
-3032.5 11709.8 -12.5 90 0 7.8 12.6 5.0 2.5 2 1 2 0 0
-4030.3 11613.4 -12.0 0 0 8.9 9.6 5.0 2.5 2 1 2 5 5
-2913.3 12003.7 -13.1 89 0 9.5 8.4 2.5 0.0 0 0 1 1 1
-2838.8 11495.1 -14.4 182 0 10.5 12.2 2.5 2.5 2 1 1 0 0
-4667.0 12118.4 -11.4 181 0 10.6 20.8 7.5 2.5 2 1 3 2 2
-4733.9 12191.6 -11.7 1 0 6.8 18.2 7.5 2.5 2 1 3 1 1
-2975.6 12145.5 -11.9 182 0 9.9 9.0 5.0 2.5 2 0 2 2 2
-3603.7 11878.1 -10.7 0 0 8.6 18.5 5.0 2.5 2 1 2 1 1
-3574.8 11855.6 -10.2 357 0 6.6 23.9 2.5 2.5 4 1 1 4 4
-3033.5 11941.5 -13.0 182 0 12.1 9.4 7.5 2.5 2 0 3 3 3
-4735.7 12173.7 -11.6 1 0 6.0 18.7 7.5 2.5 2 1 3 0 0
-3648.2 11962.0 -12.2 4 0 7.6 5.9 7.5 2.5 2 0 3 1 1
-3306.7 11703.2 -9.3 215 0 10.8 18.6 2.5 0.0 0 1 1 3 3
-3750.9 11769.0 -8.8 90 0 10.5 8.0 5.0 2.5 2 0 2 5 5
-3860.4 11708.4 -10.9 181 0 7.9 12.3 2.5 2.5 2 1 1 3 3
-5082.0 11799.1 -11.2 18 0 10.9 24.4 7.5 2.5 2 1 3 2 2
-4416.7 11982.2 -10.7 91 0 6.1 16.6 5.0 2.5 2 1 2 5 5
-4492.6 12010.0 -10.9 206 0 5.3 20.1 5.0 2.5 2 1 2 4 4
-4487.2 12040.7 -11.1 25 0 7.8 15.4 2.5 2.5 2 1 1 4 4
-4227.9 11540.6 -10.3 182 0 5.6 13.5 2.5 2.5 2 1 1 2 2
-4631.1 11785.9 -10.5 90 0 6.6 14.8 7.5 2.5 2 1 3 5 5
-4178.5 12057.1 -11.8 359 0 13.7 9.6 2.5 2.5 2 0 1 3 3
-4193.0 12031.9 -11.4 90 0 9.3 6.3 5.0 0.0 0 0 2 2 2
-4231.3 12104.2 -12.0 358 0 6.3 16.2 7.5 2.5 2 1 3 3 3
-4520.9 11486.1 -9.5 88 0 7.0 14.6 5.0 2.5 2 1 2 5 5
-4366.0 12099.7 -11.7 269 0 9.2 17.2 5.0 0.0 0 1 2 4 4
-5128.8 11772.3 -11.1 21 0 10.1 21.6 5.0 2.5 2 1 2 3 3
-4206.9 12096.0 -12.0 179 0 7.5 12.7 5.0 2.5 2 1 2 3 3
-4205.6 12056.6 -11.8 178 0 12.8 5.6 5.0 2.5 2 0 2 4 4
-4495.2 12018.2 -10.9 27 0 5.3 9.4 7.5 2.5 2 1 3 2 2
-4672.4 11805.0 -10.7 269 0 5.8 18.4 7.5 2.5 2 1 3 1 1
-4259.9 11530.6 -10.0 182 0 6.5 15.3 5.0 2.5 2 1 2 3 3
-5142.1 11747.8 -11.2 24 0 6.8 22.9 5.0 2.5 2 1 2 0 0
-4258.6 11517.6 -10.0 182 0 8.0 12.8 2.5 2.5 2 1 1 0 0
-4606.6 11842.4 -10.6 219 0 5.9 11.3 7.5 2.5 2 1 3 2 2
-4183.2 12016.8 -11.2 90 0 10.9 14.1 5.0 2.5 2 1 2 3 3
-4479.9 12052.3 -11.2 28 0 7.3 8.6 5.0 2.5 2 1 2 3 3
-4327.8 12145.0 -12.1 177 0 6.3 11.4 5.0 0.0 0 1 2 1 1
-5175.9 11775.7 -11.4 204 0 7.3 15.9 7.5 2.5 4 1 3 5 5
-4371.4 11509.8 -9.5 181 0 5.8 10.1 2.5 0.0 0 1 1 1 1
-4193.4 12011.6 -11.3 269 0 6.7 14.1 5.0 2.5 2 1 2 0 0
-4192.3 12039.6 -11.5 90 0 7.4 7.1 5.0 2.5 2 0 2 0 0
-4334.1 12072.5 -11.7 177 0 3.4 16.4 7.5 2.5 2 1 3 5 5
-4415.1 11587.5 -9.7 92 0 7.2 14.5 2.5 2.5 2 1 1 0 0
-4249.1 12007.6 -11.0 179 0 7.0 13.6 2.5 2.5 2 1 1 0 0
-4359.8 11645.4 -9.8 1 0 10.7 8.5 5.0 2.5 2 0 2 3 3
-4376.0 11491.7 -9.4 182 0 9.0 14.9 5.0 2.5 2 1 2 5 5
-4145.3 11752.6 -11.7 179 0 5.2 11.8 7.5 2.5 2 1 3 0 0
-4566.1 11908.1 -10.7 204 0 7.3 18.0 5.0 2.5 2 1 2 1 1
-4520.2 11959.6 -10.8 205 0 23.3 13.4 7.5 2.5 2 0 3 3 3
-4339.1 11686.6 -9.9 303 0 6.5 6.6 7.5 2.5 2 1 3 4 4
-4331.0 12127.9 -12.0 177 0 5.3 14.3 5.0 2.5 4 1 2 5 5
-4645.2 11804.1 -10.6 268 0 9.3 14.3 5.0 2.5 4 1 2 2 2
-4670.7 11771.5 -10.6 90 0 7.6 11.6 7.5 2.5 2 1 3 1 1
-3746.9 11529.1 -9.3 1 0 12.7 10.6 7.5 2.5 2 0 3 2 2
-4757.1 12120.0 -11.2 358 0 3.8 19.0 7.5 2.5 2 1 3 4 4
-4823.3 12125.8 -11.1 0 0 4.6 18.3 7.5 2.5 2 1 3 4 4
-2900.4 11833.9 -12.5 91 0 5.0 10.5 7.5 2.5 2 1 3 0 0
-4821.4 12154.0 -11.3 360 0 5.4 17.2 7.5 2.5 2 1 3 0 0
-3743.0 11484.4 -12.1 0 0 18.2 10.9 7.5 0.0 0 0 3 5 5
-3019.3 12177.6 -11.1 178 0 10.9 12.2 5.0 2.5 2 1 2 4 4
-2926.7 11889.8 -13.1 181 0 7.8 13.9 7.5 2.5 2 1 3 3 3
-2925.9 11907.9 -13.4 180 0 8.2 12.8 7.5 2.5 4 1 3 3 3
-4691.2 12091.4 -11.2 182 0 9.6 21.2 7.5 0.0 0 1 3 1 1
-4720.3 11660.2 -10.4 181 0 8.0 11.4 7.5 0.0 0 1 3 2 2
-3226.6 11725.2 -10.5 269 0 13.2 8.6 7.5 2.5 2 0 3 5 5
-2908.5 12129.2 -12.3 357 0 8.1 16.1 5.0 0.0 0 1 2 3 3
-4756.4 12128.0 -11.3 1 0 7.5 17.8 7.5 2.5 2 1 3 3 3
-3725.5 12033.6 -12.4 182 0 7.3 25.3 7.5 0.0 0 1 3 4 4
-4370.6 11814.9 -10.3 273 0 12.1 6.9 7.5 2.5 4 0 3 2 2
-4402.7 12045.9 -11.4 95 0 7.0 13.3 7.5 2.5 2 1 3 4 4
-4460.3 12140.8 -11.9 21 0 12.3 17.7 2.5 0.0 0 1 1 2 2
-4194.5 11976.0 -11.4 91 0 5.1 6.6 2.5 2.5 2 1 1 4 4
-4578.7 12227.7 -10.8 90 0 4.5 11.2 5.0 2.5 2 1 2 4 4
-4755.1 12148.2 -11.4 0 0 4.1 18.1 2.5 2.5 2 1 1 0 0
-4675.9 12230.3 -11.0 91 0 7.8 12.7 5.0 2.5 4 1 2 0 0
-4449.9 12027.6 -10.9 181 0 6.5 16.7 5.0 2.5 2 1 2 3 3
-4522.8 11590.1 -9.8 91 0 6.5 14.5 5.0 2.5 2 1 2 0 0
-4625.1 12057.8 -11.7 2 0 5.6 8.3 7.5 2.5 4 1 3 3 3
-4795.7 11978.7 -11.4 181 0 5.3 15.7 7.5 2.5 4 1 3 3 3
-4359.0 11862.4 -10.4 359 0 7.7 9.2 5.0 2.5 2 1 2 2 2
-4791.4 11987.9 -11.4 183 0 5.9 12.8 2.5 2.5 2 1 1 3 3
-4963.5 12006.6 -12.4 1 0 10.4 9.1 5.0 2.5 2 0 2 3 3
-4338.5 12090.7 -11.8 7 0 12.6 10.2 2.5 2.5 2 0 1 3 3
-3721.5 11677.8 -8.8 1 0 17.6 14.9 10.0 2.5 2 0 4 0 0
-3478.0 11989.6 -12.6 180 0 7.5 14.8 5.0 2.5 2 1 2 0 0
-3481.4 11955.0 -12.0 181 0 3.8 17.4 7.5 2.5 2 1 3 1 1
-3347.5 11963.1 -12.1 183 0 12.1 14.5 7.5 2.5 2 1 3 4 4
-3450.5 12055.3 -13.2 92 0 20.4 19.4 10.0 2.5 2 0 4 5 5
-3801.7 12179.2 -11.5 357 0 7.3 12.7 5.0 2.5 2 1 2 2 2
-3681.4 11981.5 -12.6 180 0 10.2 12.7 2.5 0.0 0 1 1 5 5
-2930.2 11844.0 -12.2 359 0 16.3 13.4 2.5 0.0 0 0 1 1 1
-2929.9 11825.7 -11.8 2 0 12.4 13.5 7.5 2.5 2 1 3 3 3
-2824.1 11763.4 -12.7 270 0 13.6 18.6 7.5 0.0 0 1 3 3 3
-3630.9 11547.1 -7.5 90 0 19.9 15.0 10.0 2.5 2 0 4 1 1
-3496.1 12145.9 -12.2 179 0 5.7 15.5 2.5 2.5 2 1 1 2 2
-3620.2 11594.1 -7.3 4 0 15.5 28.4 5.0 0.0 0 1 2 5 5
-1738.4 12080.2 -11.9 94 0 14.7 12.5 7.5 2.5 2 0 3 3 3
-3481.3 12135.3 -12.4 2 0 6.8 16.6 2.5 2.5 2 1 1 3 3
-3680.2 11952.5 -12.0 181 0 8.4 5.1 7.5 2.5 4 0 3 0 0
-3765.1 12019.1 -12.5 181 0 6.8 30.3 7.5 2.5 2 1 3 4 4
-4489.1 11718.0 -10.1 272 0 12.8 14.9 7.5 2.5 2 1 3 5 5
-4479.9 11707.4 -10.1 180 0 9.5 13.3 5.0 2.5 2 1 2 3 3
-4410.7 12043.6 -11.1 272 0 6.6 19.0 7.5 2.5 2 1 3 5 5
-5083.1 12031.5 -11.3 87 0 7.8 13.2 2.5 2.5 2 1 1 4 4
-5030.1 11527.7 -10.1 0 0 8.0 20.2 7.5 2.5 2 1 3 5 5
-4473.2 11738.4 -10.2 124 0 13.2 16.1 7.5 2.5 2 1 3 4 4
-4723.1 11555.0 -10.2 1 0 8.3 12.9 5.0 2.5 2 1 2 4 4
-4949.4 11821.7 -11.3 3 0 8.6 12.5 5.0 2.5 2 1 2 3 3
-4484.8 11746.7 -10.2 124 0 11.7 17.2 7.5 2.5 2 1 3 3 3
-4522.9 12197.0 -11.5 271 0 17.0 5.7 7.5 2.5 2 0 3 4 4
-4782.5 11847.1 -11.0 183 0 12.8 7.4 7.5 2.5 2 0 3 1 1
-5206.0 12223.9 -11.4 273 0 12.9 26.5 7.5 0.0 0 1 3 4 4
-5197.4 11891.0 -10.9 184 0 6.5 18.7 2.5 2.5 2 1 1 0 0
-4608.3 11551.9 -9.9 1 0 8.8 21.3 5.0 0.0 0 1 2 3 3
-4778.9 11819.3 -11.0 93 0 7.6 19.5 5.0 2.5 2 1 2 2 2
-5031.6 11491.1 -10.0 359 0 6.3 16.6 5.0 2.5 2 1 2 3 3
-5234.1 12224.6 -11.1 272 0 8.4 21.6 2.5 2.5 2 1 1 4 4
-4858.2 11761.2 -11.0 272 0 9.3 15.2 7.5 2.5 2 1 3 3 3
-4307.0 11534.3 -9.5 1 0 8.1 16.8 7.5 2.5 2 1 3 4 4
-5095.1 12154.9 -11.7 5 0 7.8 22.7 2.5 2.5 2 1 1 5 5
-4402.2 11851.0 -10.4 91 0 5.8 9.5 5.0 2.5 2 1 2 2 2
-4827.6 11704.3 -10.8 180 0 7.9 13.1 5.0 2.5 2 1 2 2 2
-5247.5 12221.0 -11.0 272 0 9.8 20.7 7.5 2.5 4 1 3 2 2
-4729.4 11731.0 -10.6 90 0 12.3 18.3 5.0 2.5 2 1 2 0 0
-4499.0 11932.4 -10.7 180 0 3.9 22.8 2.5 2.5 2 1 1 0 0
-4403.0 11607.9 -9.8 360 0 10.0 12.4 5.0 2.5 2 1 2 4 4
-5106.7 12022.7 -11.1 89 0 12.7 22.3 10.0 0.0 0 1 4 0 0
-4268.6 12232.8 -10.7 271 0 15.3 13.7 2.5 2.5 2 0 1 1 1
-5063.9 12062.7 -11.6 270 0 10.6 15.3 5.0 2.5 2 1 2 2 2
-5029.9 11509.1 -10.1 1 0 11.0 21.1 2.5 2.5 2 1 1 2 2
-4725.1 11702.4 -10.5 359 0 6.4 12.4 5.0 0.0 0 1 2 5 5
-4402.2 11624.6 -9.8 3 0 14.6 10.2 2.5 2.5 2 0 1 4 4
-4497.6 12114.9 -11.6 359 0 8.2 10.1 5.0 2.5 2 1 2 0 0
-2920.1 11875.8 -12.8 270 0 12.6 13.6 5.0 2.5 2 1 2 5 5
-3713.9 11820.1 -9.6 180 0 8.1 14.5 5.0 2.5 2 1 2 2 2
-3651.7 11659.2 -7.7 271 0 18.2 30.3 10.0 2.5 2 1 4 3 3
-5509.0 11740.9 -11.5 357 0 9.7 17.3 5.0 2.5 2 1 2 0 0
-4635.6 11845.7 -10.7 185 0 6.8 13.7 7.5 2.5 2 1 3 3 3
-5426.8 11749.6 -11.4 180 0 18.0 15.8 10.0 2.5 2 0 4 2 2
-4484.6 12029.5 -10.9 205 0 5.9 20.5 5.0 2.5 2 1 2 2 2
-3393.1 11563.9 -7.3 303 0 11.9 9.3 5.0 2.5 2 0 2 3 3
-5562.3 11738.9 -11.6 180 0 7.8 25.3 5.0 2.5 2 1 2 2 2
-5479.6 11648.7 -11.7 4 0 13.6 15.1 7.5 0.0 0 1 3 0 0
-4925.2 12161.5 -11.2 182 0 7.1 15.0 7.5 2.5 2 1 3 5 5
-4842.6 12228.8 -11.3 270 0 8.8 19.7 5.0 2.5 2 1 2 1 1
-5301.7 11600.2 -12.1 2 0 10.1 22.4 5.0 2.5 2 1 2 1 1
-4489.5 12019.9 -10.9 205 0 7.4 22.3 5.0 2.5 2 1 2 1 1
-4772.3 12107.8 -11.1 92 0 9.7 6.0 7.5 0.0 0 0 3 5 5
-5355.8 11661.9 -11.9 4 0 10.9 23.0 10.0 2.5 2 1 4 2 2
-5335.2 11876.8 -10.5 358 0 16.3 10.2 5.0 2.5 2 0 2 4 4
-5453.5 11658.8 -11.7 183 0 9.4 20.8 7.5 2.5 2 1 3 0 0
-4293.7 12216.7 -11.3 266 0 13.4 20.4 7.5 2.5 2 1 3 5 5
-5513.3 11621.8 -11.6 96 0 12.8 8.8 7.5 2.5 2 0 3 0 0
-4792.3 11651.5 -10.6 0 0 11.3 8.9 2.5 2.5 2 0 1 2 2
-5330.6 11647.3 -12.0 2 0 7.1 18.0 7.5 2.5 2 1 3 0 0
-4595.3 11997.5 -11.0 0 0 4.7 14.4 7.5 2.5 2 1 3 2 2
-4474.9 12048.6 -11.2 206 0 5.2 22.0 5.0 2.5 2 1 2 1 1
-2796.4 11537.0 -13.2 359 0 5.1 11.0 2.5 2.5 4 1 1 0 0
-5511.1 11679.8 -11.5 271 0 10.4 17.8 5.0 2.5 2 1 2 4 4
-4294.0 12232.5 -10.7 264 0 16.6 12.5 7.5 2.5 2 0 3 2 2
-5468.7 11781.7 -11.4 270 0 18.0 15.5 10.0 2.5 2 0 4 0 0
-5343.8 11930.5 -10.3 1 0 12.8 8.4 5.0 2.5 2 0 2 3 3
-4754.3 11630.6 -10.4 270 0 5.0 10.3 7.5 2.5 2 1 3 5 5
-4548.9 12083.5 -11.4 92 0 6.9 13.7 7.5 2.5 2 1 3 3 3
-4945.4 11894.0 -11.5 88 0 9.5 13.2 7.5 2.5 2 1 3 4 4
-4791.1 11949.1 -11.3 181 0 5.6 11.8 7.5 2.5 2 1 3 4 4
-4559.1 11800.2 -10.4 128 0 6.9 15.8 5.0 2.5 2 1 2 3 3
-4696.1 12081.5 -12.5 359 0 4.6 9.9 7.5 2.5 2 1 3 2 2
-4899.8 11865.2 -11.4 0 0 9.9 13.0 7.5 2.5 2 1 3 0 0
-4578.5 11633.2 -10.0 269 0 10.0 11.6 2.5 2.5 2 1 1 5 5
-4715.0 11766.5 -10.7 269 0 6.3 9.8 7.5 2.5 2 1 3 3 3
-4771.2 11631.1 -10.4 271 0 9.6 10.8 7.5 2.5 2 1 3 4 4
-4534.2 11782.0 -10.3 127 0 7.1 18.0 7.5 2.5 2 1 3 0 0
-4408.3 11681.1 -10.0 272 0 13.6 14.7 7.5 2.5 2 1 3 2 2
-4744.5 11630.6 -10.4 271 0 5.6 10.0 7.5 2.5 2 1 3 3 3
-5269.2 11916.0 -10.6 89 0 8.6 11.3 2.5 2.5 2 1 1 4 4
-4332.5 12094.2 -11.8 176 0 6.1 14.7 2.5 2.5 2 1 1 3 3
6919.1 11463.5 -11.4 182 0 21.5 35.4 14.0 0.0 0 1 4 2 2
1802.0 11478.2 -18.3 181 0 6.8 9.0 2.5 2.5 2 1 1 4 4
1307.3 11611.7 -18.4 271 0 26.2 40.6 10.0 0.0 0 1 4 0 0
-4822.7 11385.4 -9.7 143 0 25.7 11.4 10.0 2.5 2 0 4 3 3
-4681.7 10114.0 -11.9 271 0 14.9 15.4 5.0 2.5 2 1 2 0 0
-5355.2 11287.1 -10.2 92 0 13.1 12.7 10.0 2.5 2 0 4 5 5
-4303.1 9979.5 -8.6 90 0 9.6 21.2 5.0 2.5 2 1 2 5 5
-4290.6 9979.3 -8.5 89 0 11.4 20.7 7.5 2.5 2 1 3 1 1
5477.0 10193.7 -13.0 20 0 15.5 35.3 14.0 3.5 2 1 4 2 2
5684.7 10331.2 -13.4 215 0 22.5 17.3 14.0 3.5 4 0 4 3 3
5525.3 10325.7 -12.8 181 0 4.6 9.9 10.5 0.0 0 1 3 4 4
5608.7 9989.4 -14.2 121 0 38.0 8.3 10.5 3.5 2 0 3 5 5
5587.0 10016.7 -14.0 123 0 7.8 8.4 10.5 3.5 4 1 3 2 2
5422.8 10005.0 -13.5 320 0 15.5 38.8 14.0 3.5 2 1 4 1 1
5684.0 10295.3 -13.4 38 0 7.0 7.8 10.5 3.5 2 1 3 4 4
5643.2 10128.3 -14.0 210 0 8.1 41.7 10.5 3.5 2 1 3 2 2
5538.9 9972.3 -14.0 206 0 11.9 17.1 14.0 3.5 2 1 4 2 2
5630.1 9969.3 -14.4 297 0 10.8 31.2 14.0 3.5 2 1 4 3 3
5407.8 10020.3 -13.4 319 0 23.5 20.2 14.0 3.5 2 0 4 1 1
5680.9 10012.2 -14.3 308 0 6.7 18.4 10.5 3.5 2 1 3 3 3
5488.1 9927.2 -14.0 130 0 15.3 19.3 14.0 3.5 2 1 4 5 5
5531.2 9993.7 -13.9 209 0 10.5 14.2 14.0 3.5 2 1 4 0 0
5455.3 9938.2 -13.8 36 0 39.0 15.2 14.0 3.5 2 0 4 4 4
5687.7 10144.9 -14.0 301 0 28.4 10.6 10.5 3.5 2 0 3 1 1
5372.8 10136.1 -12.9 121 0 42.2 23.9 14.0 0.0 0 0 4 2 2
5752.1 10338.9 -13.5 34 0 10.5 15.8 14.0 3.5 2 1 4 2 2
5561.8 10349.1 -12.9 279 0 12.2 18.3 10.5 3.5 2 1 3 0 0
5624.5 10106.9 -13.9 211 0 10.0 23.2 10.5 3.5 2 1 3 2 2
5506.5 9992.1 -13.8 37 0 7.5 19.2 10.5 3.5 2 1 3 4 4
5655.4 10296.8 -13.3 213 0 7.1 7.1 10.5 3.5 2 1 3 3 3
5690.2 10351.7 -13.3 213 0 8.5 13.9 10.5 3.5 2 1 3 1 1
5537.5 10073.3 -13.7 221 0 9.2 17.7 10.5 3.5 2 1 3 4 4
5749.3 10207.5 -13.9 122 0 12.0 10.6 10.5 3.5 2 0 3 5 5
5448.6 9970.1 -13.8 307 0 14.4 40.9 14.0 3.5 2 1 4 0 0
5675.6 10342.7 -13.2 36 0 17.9 15.1 10.5 3.5 2 0 3 5 5
5648.8 10138.3 -14.0 211 0 9.4 41.6 10.5 3.5 2 1 3 4 4
5420.5 10148.4 -13.1 201 0 14.3 19.6 14.0 3.5 2 1 4 0 0
5733.3 10357.4 -13.4 303 0 12.4 10.1 14.0 3.5 2 0 4 4 4
5582.1 9999.4 -14.1 299 0 8.6 12.9 10.5 3.5 2 1 3 2 2
5662.2 10306.8 -13.3 215 0 14.2 7.6 10.5 3.5 2 0 3 2 2
5637.5 10119.3 -14.0 209 0 9.2 42.7 10.5 3.5 2 1 3 0 0
5720.3 10362.3 -13.4 302 0 9.2 25.4 10.5 3.5 2 1 3 4 4
5522.5 9983.1 -13.9 210 0 13.5 16.5 14.0 3.5 2 1 4 4 4
5563.8 10010.4 -14.0 298 0 25.7 11.6 14.0 3.5 2 0 4 3 3
5652.3 10065.6 -14.1 126 0 17.8 7.3 10.5 3.5 2 0 3 3 3
5883.5 12005.5 -11.3 272 0 7.1 33.4 10.5 3.5 2 1 3 1 1
5774.2 12023.0 -11.6 3 0 7.1 13.7 10.5 3.5 2 1 3 2 2
5379.4 11202.6 -9.6 272 0 10.2 45.3 10.5 3.5 4 1 3 0 0
5730.6 11887.1 -10.8 94 0 27.7 9.5 10.5 3.5 2 0 3 5 5
5565.2 11157.2 -10.5 295 0 65.2 73.6 10.5 0.0 0 1 3 2 2
5390.2 11076.0 -10.1 0 0 109.9 55.1 10.5 0.0 0 0 3 4 4
6008.2 12064.7 -11.7 4 0 15.7 47.1 14.0 3.5 2 1 4 2 2
5467.5 10156.2 -13.2 205 0 6.9 11.5 10.5 0.0 0 1 3 3 3
5559.9 10072.2 -13.7 39 0 6.5 15.1 10.5 3.5 2 1 3 5 5
5768.9 12035.8 -11.7 1 0 7.2 13.0 10.5 3.5 2 1 3 4 4
5371.2 11167.5 -9.5 3 0 21.6 8.0 10.5 3.5 2 0 3 2 2
5453.8 10102.6 -13.2 11 0 7.5 17.5 10.5 3.5 2 1 3 1 1
5495.8 10021.9 -13.7 121 0 7.0 9.3 10.5 3.5 2 1 3 3 3
5412.4 11093.0 -10.0 182 0 7.5 49.2 10.5 3.5 2 1 3 3 3
5435.7 10051.9 -13.4 17 0 14.2 18.2 14.0 3.5 2 1 4 2 2
5552.9 10166.9 -13.4 23 0 8.3 9.6 10.5 3.5 2 1 3 4 4
5393.4 11178.8 -9.6 3 0 43.8 8.0 10.5 3.5 2 0 3 4 4
5536.8 10173.5 -13.3 116 0 10.5 5.2 10.5 3.5 2 0 3 3 3
5746.5 11559.7 -9.6 327 0 59.9 21.4 14.0 3.5 2 0 4 5 5
5412.7 11101.9 -9.9 182 0 7.2 48.9 10.5 3.5 2 1 3 4 4
5908.6 12091.8 -11.8 182 0 5.2 49.6 10.5 0.0 0 1 3 1 1
5505.2 10173.8 -13.2 110 0 6.5 18.9 10.5 3.5 4 1 3 0 0
5502.6 10152.2 -13.3 17 0 13.9 10.6 14.0 3.5 2 0 4 5 5
5681.5 10826.4 -11.6 91 0 13.1 7.5 10.5 3.5 2 0 3 5 5
5941.0 12031.6 -11.4 183 0 24.3 18.5 14.0 3.5 2 0 4 4 4
5459.2 10141.7 -13.2 203 0 7.9 12.5 10.5 3.5 2 1 3 1 1
5917.5 12006.6 -11.3 178 0 14.6 33.5 14.0 0.0 0 1 4 4 4
4635.6 10670.0 -8.7 200 0 13.0 17.6 14.0 3.5 2 1 4 3 3
4542.7 10885.0 -7.6 359 0 12.7 21.3 10.5 3.5 2 1 3 1 1
5381.5 10071.1 -13.2 197 0 11.2 15.0 14.0 3.5 2 1 4 5 5
4606.5 10627.8 -8.7 5 0 5.2 16.9 10.5 3.5 2 1 3 5 5
4635.7 10730.2 -8.5 204 0 8.5 15.7 10.5 3.5 2 1 3 3 3
4980.2 10654.4 -9.9 359 0 23.6 21.6 14.0 3.5 2 0 4 2 2
4694.5 10826.1 -8.3 93 0 11.9 17.3 14.0 3.5 2 1 4 5 5
5449.7 10075.1 -13.3 8 0 9.2 16.5 10.5 3.5 2 1 3 4 4
5470.6 10181.6 -13.0 16 0 9.5 26.8 10.5 3.5 2 1 3 4 4
4861.0 10709.9 -9.3 182 0 12.5 14.9 14.0 3.5 2 1 4 3 3
4625.2 10691.5 -8.6 202 0 12.1 25.6 14.0 0.0 0 1 4 4 4
4857.5 10911.3 -8.6 1 0 11.2 26.3 14.0 3.5 2 1 4 5 5
4796.9 10880.4 -8.5 0 0 15.2 26.3 14.0 0.0 0 1 4 5 5
4631.6 10654.7 -8.7 200 0 13.6 15.4 14.0 3.5 2 1 4 0 0
4682.4 10750.7 -8.6 293 0 9.6 25.6 10.5 3.5 2 1 3 4 4
5410.9 10096.9 -13.2 202 0 10.9 16.1 14.0 3.5 2 1 4 1 1
4609.9 10613.0 -8.8 181 0 20.8 14.8 14.0 3.5 4 0 4 2 2
4465.8 10863.9 -7.5 179 0 21.5 32.9 10.5 0.0 0 1 3 3 3
5461.6 10151.7 -13.1 21 0 11.8 28.1 14.0 3.5 2 1 4 1 1
4799.1 10661.7 -9.2 127 0 21.5 13.7 14.0 3.5 2 0 4 1 1
5402.3 10137.2 -13.0 198 0 13.8 9.5 10.5 3.5 2 0 3 1 1
4766.8 10749.6 -8.9 209 0 20.8 13.2 14.0 3.5 2 0 4 5 5
5425.3 10181.5 -13.0 199 0 13.0 17.9 14.0 0.0 0 1 4 5 5
4693.7 10745.5 -8.7 296 0 8.8 26.0 10.5 0.0 0 1 3 2 2
4785.4 10920.3 -8.3 90 0 26.9 8.2 10.5 3.5 4 0 3 3 3
4541.2 10777.4 -8.0 2 0 20.8 9.8 10.5 3.5 4 0 3 3 3
5498.6 10202.9 -13.1 200 0 8.5 14.9 10.5 3.5 2 1 3 2 2
4615.1 10679.1 -8.5 19 0 6.1 22.3 10.5 3.5 2 1 3 0 0
4626.1 10716.9 -8.4 17 0 9.9 9.3 10.5 3.5 2 0 3 5 5
4636.2 10745.5 -8.4 23 0 11.7 19.7 14.0 3.5 2 1 4 1 1
4687.8 10791.6 -8.4 302 0 15.6 9.6 10.5 3.5 2 0 3 3 3
5554.9 10208.3 -13.3 17 0 25.6 15.2 14.0 3.5 2 0 4 2 2
4635.9 10577.4 -8.9 91 0 10.5 14.9 14.0 3.5 2 1 4 2 2
4864.5 10786.7 -9.1 180 0 11.9 25.9 14.0 0.0 0 1 4 5 5
4834.2 10691.6 -9.2 36 0 10.5 26.4 14.0 3.5 4 1 4 1 1
4644.0 10751.4 -8.5 206 0 12.7 17.9 14.0 3.5 4 1 4 2 2
5464.6 10167.7 -13.1 21 0 12.8 22.0 14.0 3.5 2 1 4 5 5
4511.3 10900.4 -7.6 269 0 15.5 22.3 10.5 3.5 2 1 3 4 4
4628.2 10610.9 -8.9 183 0 18.7 11.7 14.0 3.5 2 0 4 1 1
5409.8 10032.8 -13.3 110 0 14.8 17.6 14.0 3.5 2 1 4 3 3
5510.4 10212.8 -13.1 199 0 11.3 9.2 10.5 3.5 2 0 3 1 1
4555.2 10654.4 -8.4 181 0 7.7 13.1 10.5 3.5 2 1 3 0 0
4600.9 10737.9 -8.3 102 0 14.0 13.0 14.0 3.5 2 0 4 1 1
4798.4 10946.9 -8.3 0 0 32.0 19.3 14.0 0.0 0 0 4 1 1
5483.0 10256.8 -12.8 56 0 23.7 15.2 14.0 3.5 2 0 4 0 0
5638.9 10290.9 -13.3 37 0 17.6 13.2 10.5 3.5 2 0 3 1 1
4856.5 10799.2 -9.0 2 0 14.8 17.7 14.0 3.5 2 1 4 2 2
4797.8 10863.4 -8.5 0 0 14.9 27.2 14.0 3.5 2 1 4 3 3
6299.2 12217.9 -12.0 137 0 12.3 7.2 10.5 3.5 2 0 3 3 3
4801.8 10840.7 -8.7 182 0 11.1 14.4 14.0 3.5 2 1 4 4 4
4736.9 10721.2 -8.8 121 0 12.7 11.7 14.0 0.0 0 0 4 3 3
5804.7 11832.5 -10.3 40 0 5.4 12.1 10.5 3.5 2 1 3 3 3
5849.6 11904.7 -10.7 304 0 8.8 5.0 10.5 3.5 2 0 3 5 5
4797.2 10896.2 -8.4 1 0 10.2 26.0 14.0 3.5 4 1 4 0 0
5592.4 10212.6 -13.4 212 0 13.9 8.1 10.5 3.5 2 0 3 1 1
6014.3 11979.2 -11.1 1 0 12.0 53.9 14.0 3.5 4 1 4 1 1
6013.4 11953.1 -10.9 1 0 13.7 53.2 14.0 3.5 2 1 4 2 2
4736.2 11273.9 -8.2 89 0 23.0 23.6 7.5 2.5 2 1 3 1 1
5780.2 11873.3 -10.6 312 0 13.4 9.0 10.5 3.5 2 0 3 0 0
5555.9 10156.4 -13.5 212 0 7.8 18.1 10.5 3.5 2 1 3 2 2
5972.1 12136.9 -12.1 186 0 16.8 14.0 14.0 3.5 4 0 4 2 2
4692.3 10754.5 -8.5 119 0 10.5 16.6 14.0 3.5 2 1 4 5 5
5778.1 11925.0 -10.9 216 0 7.1 18.2 10.5 3.5 2 1 3 4 4
6014.3 11966.7 -11.0 1 0 10.0 53.8 14.0 3.5 2 1 4 1 1
5818.4 11942.6 -11.0 128 0 10.4 8.1 10.5 3.5 2 0 3 5 5
4755.4 10739.4 -8.8 30 0 18.5 15.9 14.0 3.5 2 0 4 0 0
5834.3 11904.6 -10.7 215 0 5.0 6.9 10.5 3.5 2 1 3 5 5
5786.7 11933.7 -11.0 216 0 12.0 18.7 10.5 3.5 2 1 3 3 3
4665.8 10623.4 -9.0 205 0 7.3 28.4 10.5 3.5 2 1 3 0 0
5796.8 11865.2 -10.5 318 0 7.8 15.1 10.5 3.5 2 1 3 0 0
5816.9 11928.0 -10.9 308 0 11.6 9.8 10.5 3.5 2 0 3 0 0
5851.7 11929.8 -10.9 129 0 14.8 5.5 10.5 3.5 2 0 3 2 2
5608.0 10249.3 -13.3 38 0 9.3 19.1 10.5 3.5 2 1 3 4 4
4717.1 10716.8 -8.7 30 0 4.8 13.3 10.5 3.5 2 1 3 2 2
6014.1 11928.5 -10.8 2 0 27.2 54.2 14.0 0.0 0 1 4 0 0
5643.0 11887.0 -11.0 91 0 6.5 21.5 10.5 3.5 2 1 3 3 3
5571.1 11931.9 -11.3 270 0 6.1 19.0 10.5 3.5 2 1 3 2 2
5579.8 11888.9 -11.1 89 0 6.1 20.7 10.5 3.5 2 1 3 5 5
5733.2 11861.4 -10.6 4 0 11.8 19.3 14.0 0.0 0 1 4 5 5
5815.9 11879.6 -10.5 215 0 8.6 19.0 10.5 3.5 2 1 3 0 0
5818.4 12010.4 -11.4 271 0 8.2 6.4 10.5 3.5 2 0 3 3 3
5597.6 11888.6 -11.0 90 0 6.6 21.6 10.5 3.5 2 1 3 5 5
5651.4 11887.5 -10.9 91 0 6.6 20.9 10.5 3.5 2 1 3 1 1
5634.4 11931.9 -11.2 271 0 7.0 21.0 10.5 3.5 2 1 3 1 1
5580.1 11931.5 -11.3 271 0 6.3 18.7 10.5 3.5 2 1 3 0 0
5793.5 11825.4 -10.2 131 0 11.4 6.6 10.5 3.5 4 0 3 4 4
5601.0 11872.9 -10.8 180 0 7.3 20.8 10.5 3.5 2 1 3 5 5
5606.5 11931.6 -11.2 271 0 6.3 19.8 10.5 3.5 2 1 3 4 4
5651.7 11931.0 -11.1 271 0 6.4 20.4 10.5 3.5 2 1 3 0 0
5625.2 11931.6 -11.2 272 0 6.8 19.8 10.5 3.5 2 1 3 4 4
5625.3 11831.1 -10.6 112 0 7.6 29.3 10.5 3.5 4 1 3 5 5
5562.0 11931.9 -11.3 271 0 6.7 18.8 10.5 3.5 2 1 3 4 4
5567.4 11900.3 -11.1 181 0 20.3 6.4 10.5 3.5 2 0 3 4 4
5726.6 11787.6 -10.0 269 0 15.4 13.2 10.5 3.5 2 0 3 2 2
5659.2 11939.8 -11.2 180 0 9.2 9.8 10.5 3.5 4 1 3 3 3
6005.4 12045.5 -11.4 0 0 4.1 20.4 10.5 3.5 2 1 3 0 0
5894.7 11940.0 -10.9 42 0 6.6 12.0 10.5 3.5 4 1 3 1 1
5895.5 11905.4 -10.6 110 0 7.1 11.5 10.5 3.5 2 1 3 4 4
5982.4 12023.3 -11.3 2 0 4.2 16.9 10.5 0.0 0 1 3 0 0
5998.9 12051.9 -11.5 2 0 3.6 14.0 10.5 0.0 0 1 3 2 2
5864.0 11874.3 -10.5 24 0 3.2 14.4 10.5 3.5 2 1 3 2 2
5841.7 11824.0 -10.1 180 0 6.1 6.8 10.5 3.5 2 1 3 4 4
6010.0 12030.4 -11.3 2 0 4.1 25.7 10.5 3.5 2 1 3 5 5
5854.1 11826.0 -10.1 275 0 7.0 5.3 10.5 3.5 2 0 3 3 3
5982.5 12046.0 -11.5 2 0 4.9 16.9 10.5 3.5 2 1 3 5 5
5887.0 11913.9 -10.7 193 0 10.6 4.5 10.5 3.5 2 0 3 5 5
5859.1 11867.0 -10.4 32 0 7.0 11.1 10.5 3.5 2 1 3 1 1
6261.2 12184.9 -11.9 201 0 7.2 41.8 10.5 3.5 2 1 3 3 3
5799.5 11856.8 -10.4 316 0 6.0 10.9 10.5 3.5 2 1 3 1 1
5815.5 11812.4 -10.1 133 0 4.2 7.7 10.5 3.5 2 1 3 1 1
5747.5 11864.1 -10.6 122 0 8.3 7.7 10.5 3.5 2 0 3 0 0
5757.7 11896.8 -10.7 223 0 3.7 14.1 10.5 0.0 0 1 3 1 1
5733.0 11754.1 -9.8 174 0 10.5 18.8 10.5 3.5 2 1 3 1 1
5478.0 11854.3 -10.9 322 0 9.1 34.8 7.5 2.5 2 1 3 2 2
5428.8 11809.1 -10.7 49 0 36.9 8.5 7.5 0.0 0 0 3 3 3
6764.2 11207.8 -10.7 132 0 14.4 7.8 10.5 3.5 2 0 3 3 3
6927.5 11553.0 -11.3 269 0 12.6 5.7 10.5 3.5 2 0 3 2 2
6665.6 11206.0 -11.5 233 0 5.8 12.9 10.5 3.5 2 1 3 4 4
6741.7 11225.4 -10.9 225 0 6.0 10.2 10.5 3.5 2 1 3 0 0
6661.0 11120.4 -11.4 234 0 9.7 6.5 10.5 3.5 4 0 3 3 3
6645.5 11175.4 -11.6 217 0 4.0 10.3 10.5 3.5 2 1 3 4 4
6853.0 11152.6 -11.0 199 0 6.7 17.8 10.5 3.5 2 1 3 2 2
6718.3 11231.1 -11.1 233 0 5.5 13.7 10.5 3.5 2 1 3 5 5
6766.1 11250.8 -10.7 233 0 10.1 9.5 10.5 3.5 2 0 3 0 0
6838.7 11169.7 -10.8 30 0 9.0 4.2 10.5 3.5 2 0 3 2 2
6730.2 11336.2 -11.3 304 0 8.4 11.5 10.5 3.5 4 1 3 4 4
6926.4 11426.5 -11.3 360 0 10.5 9.1 10.5 3.5 2 0 3 3 3
6918.9 11537.1 -11.3 181 0 5.8 9.5 10.5 3.5 2 1 3 3 3
6666.8 11281.1 -11.6 134 0 5.7 14.4 10.5 3.5 2 1 3 5 5
6651.7 11114.2 -11.5 235 0 9.7 6.7 10.5 3.5 2 0 3 1 1
6666.4 11186.8 -11.5 230 0 7.9 9.8 10.5 3.5 2 1 3 2 2
6689.2 11254.8 -11.5 310 0 8.3 10.5 10.5 3.5 2 1 3 1 1
6864.9 11166.7 -11.0 201 0 11.7 11.2 10.5 3.5 2 0 3 2 2
6816.5 11227.5 -10.6 304 0 12.6 7.2 10.5 3.5 2 0 3 3 3
6720.7 11343.3 -11.4 307 0 13.0 11.1 14.0 3.5 2 0 4 5 5
6726.7 11219.2 -11.1 232 0 17.1 5.8 10.5 3.5 2 0 3 2 2
6750.4 11250.2 -10.9 65 0 11.6 11.7 14.0 3.5 2 1 4 2 2
6649.8 11219.2 -11.7 38 0 3.7 9.1 10.5 3.5 2 1 3 0 0
6698.7 11219.9 -11.2 234 0 4.4 15.6 10.5 3.5 2 1 3 5 5
6824.9 11203.8 -10.7 33 0 9.1 21.1 10.5 3.5 2 1 3 4 4
6812.8 11242.0 -10.6 309 0 8.1 13.4 10.5 3.5 2 1 3 0 0
6530.3 11064.2 -12.5 305 0 10.9 21.1 14.0 3.5 2 1 4 5 5
6829.9 11234.4 -10.7 305 0 4.0 8.6 10.5 3.5 2 1 3 5 5
6925.0 11372.0 -11.3 358 0 8.3 9.4 10.5 3.5 2 1 3 0 0
6723.8 11188.5 -11.1 49 0 13.3 7.7 10.5 0.0 0 0 3 5 5
6601.4 11138.1 -12.0 230 0 13.8 29.8 14.0 3.5 2 1 4 5 5
6906.2 11382.1 -11.2 1 0 11.2 10.8 14.0 3.5 2 0 4 1 1
6638.1 11114.2 -11.7 54 0 7.8 15.1 10.5 3.5 2 1 3 2 2
6833.0 11227.6 -10.7 305 0 5.4 7.8 10.5 3.5 2 1 3 4 4
6654.0 11191.7 -11.7 228 0 26.2 9.6 10.5 3.5 2 0 3 3 3
6875.3 11277.0 -11.0 27 0 14.6 12.0 14.0 3.5 2 0 4 2 2
6530.7 11032.8 -12.4 125 0 7.8 9.0 10.5 3.5 2 1 3 5 5
6705.0 11293.8 -11.4 44 0 9.7 4.3 10.5 3.5 2 0 3 5 5
6886.4 11369.1 -11.1 1 0 10.2 11.6 14.0 3.5 2 1 4 2 2
6787.2 11176.7 -10.5 210 0 7.3 12.9 10.5 3.5 2 1 3 5 5
6630.3 11109.4 -11.7 53 0 8.3 10.4 10.5 3.5 2 1 3 0 0
6830.1 11185.3 -10.7 300 0 15.3 13.1 14.0 3.5 4 0 4 4 4
6561.8 11100.0 -12.2 231 0 6.4 19.0 10.5 3.5 2 1 3 1 1
6630.3 11101.0 -11.6 235 0 13.4 8.7 10.5 3.5 2 0 3 3 3
6574.8 11051.7 -12.0 223 0 5.7 16.7 10.5 3.5 4 1 3 3 3
6735.8 11208.8 -11.0 47 0 17.9 7.0 10.5 3.5 4 0 3 0 0
6541.1 11069.5 -12.4 138 0 17.2 13.3 14.0 3.5 2 0 4 3 3
6617.8 11160.0 -11.9 228 0 11.6 18.7 14.0 3.5 2 1 4 2 2
6865.8 11310.3 -11.0 270 0 20.3 13.8 14.0 3.5 4 0 4 2 2
6741.4 11236.6 -10.9 221 0 7.0 11.7 10.5 3.5 2 1 3 0 0
6836.7 11154.7 -10.8 27 0 11.3 13.5 14.0 3.5 2 1 4 1 1
6798.8 11396.9 -10.7 182 0 12.1 6.7 10.5 3.5 2 0 3 2 2
6755.7 11203.9 -10.8 40 0 8.6 13.2 10.5 3.5 4 1 3 1 1
6775.3 11227.4 -10.7 312 0 19.6 10.2 14.0 3.5 2 0 4 1 1
6919.3 11526.8 -11.3 179 0 4.9 18.2 10.5 3.5 2 1 3 3 3
6906.1 11408.9 -11.2 0 0 10.6 10.4 14.0 3.5 2 0 4 5 5
6769.4 11152.7 -10.6 41 0 6.1 12.7 10.5 3.5 2 1 3 2 2
6797.3 11251.1 -10.5 222 0 8.6 9.6 10.5 3.5 2 1 3 5 5
6609.7 11149.7 -11.9 230 0 9.8 18.2 10.5 3.5 2 1 3 3 3
6771.6 11272.3 -10.8 58 0 15.4 8.2 10.5 3.5 2 0 3 0 0
6762.8 11294.9 -10.9 236 0 7.3 7.2 10.5 3.5 2 0 3 2 2
6904.3 11343.8 -11.2 0 0 19.7 13.1 14.0 0.0 0 0 4 0 0
6746.6 11285.6 -11.0 238 0 12.2 20.6 14.0 3.5 2 1 4 3 3
6565.6 11036.8 -12.2 304 0 9.7 17.1 10.5 3.5 2 1 3 3 3
6740.0 11163.3 -10.8 221 0 14.3 5.6 10.5 3.5 2 0 3 5 5
6702.6 11281.1 -11.4 43 0 9.7 10.9 10.5 3.5 2 1 3 3 3
6789.4 11183.3 -10.4 39 0 10.2 10.3 14.0 3.5 4 1 4 2 2
6704.6 11222.4 -11.2 232 0 5.5 20.7 10.5 3.5 2 1 3 5 5
6787.2 11296.5 -10.8 320 0 17.9 15.0 14.0 3.5 2 0 4 3 3
6905.3 11363.2 -11.2 4 0 8.5 10.8 10.5 3.5 2 1 3 0 0
6687.7 11205.5 -11.3 240 0 9.4 8.0 10.5 3.5 2 0 3 1 1
6766.9 11309.0 -10.9 230 0 13.8 12.0 14.0 3.5 2 0 4 5 5
6698.8 11179.8 -11.2 53 0 8.8 4.7 10.5 3.5 2 0 3 2 2
6763.8 11256.2 -10.9 59 0 11.7 12.7 14.0 3.5 2 1 4 4 4
6724.4 11777.8 -12.0 181 0 8.3 10.4 10.5 3.5 2 1 3 0 0
6570.1 11576.0 -12.1 89 0 8.2 18.9 7.5 2.5 2 1 3 2 2
6787.0 11584.0 -11.2 181 0 7.6 7.7 10.5 3.5 2 1 3 3 3
6650.6 11811.8 -11.7 179 0 9.6 8.1 10.5 3.5 2 0 3 4 4
6801.5 11661.7 -11.2 181 0 14.8 21.3 10.5 3.5 4 1 3 5 5
6816.4 11280.5 -10.6 320 0 8.1 14.5 10.5 3.5 2 1 3 4 4
6790.9 11547.9 -11.1 91 0 7.9 6.7 10.5 3.5 2 0 3 5 5
6786.3 11593.9 -11.2 181 0 9.1 8.5 10.5 3.5 2 0 3 2 2
6642.7 11823.4 -11.6 180 0 5.1 8.8 10.5 3.5 2 1 3 3 3
6851.4 11554.5 -10.8 91 0 14.0 14.4 10.5 3.5 2 1 3 5 5
6926.3 11672.3 -11.3 90 0 10.1 40.3 14.0 3.5 2 1 4 0 0
6818.1 11747.2 -11.3 92 0 23.0 18.2 14.0 3.5 2 0 4 0 0
6858.0 11834.1 -11.2 1 0 20.5 22.6 14.0 3.5 2 1 4 5 5
6897.0 11577.4 -11.1 1 0 14.7 35.9 10.5 3.5 2 1 3 5 5
6823.6 11561.4 -10.8 91 0 8.4 5.3 10.5 3.5 2 0 3 1 1
6907.4 11578.2 -11.2 1 0 13.7 8.4 10.5 3.5 2 0 3 5 5
6786.8 11558.6 -11.1 181 0 5.9 8.6 10.5 3.5 2 1 3 3 3
6552.4 12131.3 -11.1 276 0 8.9 30.9 10.5 3.5 2 1 3 5 5
6797.7 11521.1 -11.0 270 0 4.9 8.5 10.5 3.5 2 1 3 1 1
6594.6 11152.8 -12.1 43 0 4.7 6.8 10.5 3.5 2 1 3 0 0
6866.3 11745.5 -10.9 92 0 7.2 6.8 10.5 3.5 2 0 3 3 3
6910.1 11176.2 -11.3 271 0 4.5 7.9 10.5 3.5 2 1 3 1 1
6755.9 11109.4 -10.6 295 0 14.4 4.7 10.5 3.5 2 0 3 5 5
-4640.3 10790.5 -9.2 0 0 9.0 17.2 2.5 2.5 2 1 1 2 2
