-1661.0 -1396.1 -2.0 136 0 138.8 12.0 17.5 0.0 0 0 5 1 1
683.9 -1755.2 -0.2 270 0 226.6 29.6 17.5 0.0 0 0 5 4 4
331.7 -1696.5 -4.7 221 0 23.3 124.7 17.5 0.0 0 1 5 5 5
662.3 -1676.4 -1.0 271 0 226.6 29.6 17.5 0.0 0 0 5 5 5
336.6 -1655.1 -4.0 221 0 23.3 148.4 17.5 0.0 0 1 5 1 1
-1524.4 2774.7 -0.7 181 0 45.8 8.9 7.5 2.5 2 0 3 5 5
-649.3 -1246.8 0.2 12 0 11.6 24.8 17.5 0.0 0 1 5 2 2
-253.2 -1418.2 -0.9 221 0 41.7 48.7 17.5 0.0 0 1 5 3 3
61.3 -1700.1 -3.1 222 0 64.3 51.1 14.0 0.0 0 0 4 5 5
-324.3 -665.3 4.5 137 0 35.6 20.7 17.5 0.0 0 0 5 5 5
-38.2 -1610.8 -0.2 42 0 64.3 49.4 14.0 0.0 0 0 4 2 2
-1241.4 -1093.4 3.0 14 0 9.0 27.5 10.5 3.5 2 1 3 3 3
-32.3 -792.5 -0.4 153 0 8.5 20.3 10.5 3.5 2 1 3 4 4
-1364.6 -1464.7 0.4 289 0 17.7 25.4 14.0 3.5 2 1 4 3 3
-898.8 -225.8 2.8 199 0 5.7 14.1 10.5 3.5 2 1 3 0 0
-1065.2 -1540.6 3.4 280 0 12.2 9.5 10.5 3.5 2 0 3 1 1
-1345.7 -1420.7 -0.6 19 0 10.9 8.6 10.5 3.5 2 0 3 1 1
-255.7 -732.7 3.0 357 0 8.6 11.5 10.5 0.0 0 1 3 0 0
-6.3 -1046.1 -3.9 245 0 11.1 18.2 14.0 3.5 4 1 4 2 2
-1236.7 -1530.9 0.8 296 0 10.9 15.3 17.5 3.5 2 1 5 0 0
-1660.9 -1167.5 -1.5 212 0 10.3 28.3 15.0 0.0 0 1 6 4 4
-1047.2 -1600.6 2.5 100 0 22.6 24.4 14.0 0.0 0 1 4 4 4
-615.4 -1155.2 -0.4 291 0 11.9 9.5 10.5 0.0 0 0 3 1 1
-335.8 -1530.6 1.2 312 0 13.0 25.6 17.5 3.5 2 1 5 4 4
-1369.9 -1439.7 -0.7 110 0 13.2 29.6 17.5 3.5 2 1 5 1 1
880.2 -954.4 -1.9 273 0 12.7 23.7 14.0 3.5 2 1 4 0 0
-263.8 -715.3 3.2 352 0 25.1 19.5 17.5 3.5 4 0 5 0 0
192.0 -1008.1 -1.4 229 0 11.8 21.6 17.5 3.5 2 1 5 5 5
