-569.2 7799.7 -1.2 270 0 10.1 20.6 2.5 2.5 2 1 1 2 2
-558.9 7799.7 -1.0 270 0 10.1 20.6 5.0 2.5 2 1 2 1 1
-548.8 7799.7 -0.9 270 0 10.1 20.6 2.5 2.5 2 1 1 5 5
-538.6 7799.7 -0.8 270 0 10.1 20.6 2.5 0.0 0 1 1 2 2
-528.4 7799.6 -0.6 270 0 10.1 20.7 2.5 0.0 0 1 1 4 4
-518.2 7799.6 -0.4 270 0 10.1 20.7 5.0 2.5 2 1 2 3 3
-507.9 7799.6 -0.3 270 0 10.1 20.7 5.0 2.5 2 1 2 5 5
-497.6 7799.6 -0.2 270 0 10.1 20.7 2.5 2.5 2 1 1 1 1
-487.2 7799.6 -0.1 270 0 10.1 20.7 2.5 2.5 2 1 1 2 2
-476.9 7799.5 0.1 270 0 10.1 20.6 5.0 2.5 2 1 2 3 3
-466.5 7799.4 0.2 270 0 10.1 20.7 5.0 2.5 2 1 2 0 0
-456.3 7799.4 0.3 270 0 10.1 20.7 5.0 2.5 2 1 2 5 5
-445.7 7799.3 0.4 270 0 10.1 20.6 2.5 2.5 2 1 1 2 2
-5468.7 -1491.2 0.3 212 0 33.1 12.2 12.5 0.0 0 0 5 1 1
-5208.6 -2157.8 -2.8 323 0 42.2 27.0 7.5 0.0 0 0 3 2 2
-5209.0 -2140.1 -2.2 144 0 31.2 21.0 7.5 0.0 0 0 3 2 2
-5231.8 -2126.0 -2.1 324 0 25.5 13.7 10.0 2.5 2 0 4 2 2
-3544.5 -919.8 0.5 91 0 7.4 37.2 7.5 2.5 2 1 3 4 4
-3492.1 -901.4 0.1 2 0 11.8 13.8 5.0 2.5 2 1 2 0 0
-1986.3 2326.8 6.1 304 0 7.4 15.9 2.5 2.5 2 0 1 1 1
-2008.8 2341.9 6.0 304 0 7.0 16.0 2.5 0.0 0 0 1 1 1
-2031.3 2357.1 6.0 304 0 5.8 16.2 2.5 2.5 2 0 1 1 1
-2046.6 2367.7 6.0 304 0 5.1 16.5 2.5 2.5 2 0 1 3 3
-1995.0 2366.1 5.9 123 0 86.1 7.3 2.5 2.5 2 0 1 5 5
-2180.3 598.1 4.5 30 0 16.4 41.1 10.0 2.5 4 1 4 1 1
-2258.6 681.2 4.2 210 0 22.1 50.8 10.0 2.5 2 1 4 5 5
-2105.3 733.3 5.5 30 0 23.2 48.9 7.5 2.5 2 1 3 1 1
-2222.9 538.5 4.2 120 0 23.3 25.4 10.0 0.0 0 1 4 0 0
-2188.5 573.0 4.3 30 0 25.4 45.1 10.0 0.0 0 1 4 3 3
-2124.9 702.4 5.2 30 0 22.2 42.9 10.0 0.0 0 1 4 3 3
-2135.9 681.2 5.1 30 0 25.0 44.8 7.5 0.0 0 1 3 2 2
-2215.7 687.4 4.6 210 0 25.2 13.3 10.0 2.5 4 0 4 4 4
-2231.3 732.9 4.6 210 0 22.9 51.4 7.5 2.5 2 1 3 3 3
-2216.4 756.7 4.7 210 0 23.7 26.1 10.0 0.0 0 1 4 3 3
-2201.6 785.2 4.8 210 0 21.3 28.3 10.0 0.0 0 1 4 0 0
-2186.8 808.9 4.9 210 0 23.5 44.4 7.5 0.0 0 1 3 1 1
-2168.7 839.4 5.2 210 0 23.5 44.8 10.0 0.0 0 1 4 3 3
-2114.5 766.2 5.6 30 0 24.3 24.6 12.5 2.5 4 1 5 3 3
-2077.1 832.7 6.0 300 0 47.7 21.6 7.5 2.5 2 0 3 4 4
-2967.2 973.8 1.5 1 0 60.4 60.0 7.5 0.0 0 0 3 5 5
-2938.8 1052.3 0.4 29 0 45.1 30.3 7.5 0.0 0 0 3 0 0
-2624.2 583.7 -0.3 211 0 64.3 32.2 12.5 0.0 0 0 5 4 4
-2590.7 520.0 0.3 121 0 32.7 75.6 7.5 0.0 0 1 3 3 3
-2507.1 662.3 0.7 301 0 35.3 75.2 10.0 0.0 0 1 4 3 3
-2351.6 558.7 2.6 301 0 33.2 60.0 10.0 0.0 0 1 4 0 0
-2387.5 403.4 1.4 121 0 35.9 76.4 12.5 0.0 0 1 5 2 2
-2425.5 429.9 1.5 121 0 33.5 58.0 12.5 0.0 0 1 5 2 2
-2507.0 537.3 1.1 29 0 36.6 34.8 10.0 0.0 0 0 4 3 3
-2473.4 641.7 1.3 299 0 33.2 73.5 7.5 0.0 0 1 3 3 3
-2445.1 545.5 1.9 119 0 70.5 55.2 10.0 0.0 0 0 4 4 4
-2266.8 891.8 2.3 208 0 25.9 22.6 10.0 2.5 2 0 4 5 5
-2291.8 1096.0 -2.7 1 0 16.0 31.7 10.0 2.5 4 1 4 5 5
-2291.8 1068.8 -2.6 1 0 18.3 31.7 10.0 2.5 2 1 4 4 4
-2405.5 965.5 -2.1 210 0 24.1 41.6 7.5 0.0 0 1 3 4 4
-2393.1 999.8 -2.3 209 0 22.6 50.1 12.5 2.5 4 1 5 1 1
-2440.3 1100.6 -2.1 2 0 32.0 38.9 10.0 0.0 0 1 4 3 3
-2406.4 1141.5 -2.3 2 0 24.1 71.7 7.5 0.0 0 1 3 1 1
-2447.7 1297.3 -2.2 272 0 58.3 32.0 7.5 0.0 0 0 3 2 2
-2085.9 1104.0 1.6 290 0 30.1 42.6 10.0 0.0 0 1 4 3 3
-2233.0 642.5 4.4 209 0 9.9 11.0 7.5 2.5 2 1 3 3 3
-2330.8 654.1 3.2 29 0 24.2 25.0 7.5 0.0 0 1 3 0 0
-2407.6 641.9 2.3 119 0 45.9 23.1 12.5 0.0 0 0 5 3 3
-2395.9 718.0 2.7 209 0 24.8 45.3 5.0 0.0 0 1 2 2 2
-2372.8 742.7 3.1 209 0 23.4 41.7 10.0 0.0 0 1 4 5 5
-2521.0 760.5 -0.4 209 0 23.4 44.9 12.5 0.0 0 1 5 5 5
-2515.6 703.5 0.4 119 0 22.9 24.1 10.0 2.5 2 1 4 3 3
-2474.8 679.5 1.4 119 0 46.2 25.0 10.0 0.0 0 0 4 5 5
-2432.1 710.5 1.2 29 0 23.1 45.7 17.5 0.0 0 1 7 1 1
-2438.2 743.9 1.0 29 0 26.9 21.9 10.0 2.5 2 0 4 3 3
-2401.6 760.6 0.8 29 0 20.9 45.9 12.5 2.5 2 1 5 1 1
-2385.9 785.4 0.5 29 0 22.6 49.8 12.5 2.5 2 1 5 4 4
-2373.8 811.5 0.3 29 0 18.9 47.5 17.5 2.5 2 1 7 4 4
-2323.6 919.9 -0.5 29 0 24.7 37.1 10.0 0.0 0 1 4 0 0
-2296.8 942.0 0.1 29 0 13.6 21.2 7.5 2.5 4 1 3 3 3
-2248.9 920.4 1.9 299 0 25.1 16.4 7.5 2.5 2 0 3 4 4
-2214.2 823.2 3.6 29 0 24.5 44.0 15.0 0.0 0 1 6 4 4
-2226.5 800.5 4.0 29 0 24.1 36.8 10.0 0.0 0 1 4 5 5
-2243.7 769.1 4.1 29 0 19.0 43.6 7.5 0.0 0 1 3 0 0
-2254.0 749.0 3.8 29 0 24.8 44.2 10.0 0.0 0 1 4 0 0
-2306.2 683.6 3.3 29 0 38.2 32.2 7.5 0.0 0 0 3 5 5
-2279.0 626.0 3.9 209 0 19.4 40.4 10.0 2.5 2 1 4 3 3
-2283.2 571.3 3.6 119 0 44.1 25.2 7.5 0.0 0 0 3 1 1
-2306.0 548.8 2.9 299 0 30.3 73.2 10.0 0.0 0 1 4 3 3
-2267.3 524.7 3.2 299 0 32.4 72.1 7.5 0.0 0 1 3 1 1
-2341.7 393.1 1.7 119 0 33.4 63.7 12.5 0.0 0 1 5 0 0
-2188.0 471.8 4.4 209 0 20.2 10.9 10.0 2.5 2 0 4 2 2
-990.0 5634.1 2.8 111 0 21.5 26.5 10.5 0.0 0 1 3 3 3
-923.3 5635.3 1.8 21 0 66.0 21.4 10.5 3.5 2 0 3 2 2
-908.5 5687.9 1.0 21 0 22.4 53.5 10.5 3.5 2 1 3 1 1
-1021.9 5732.8 0.5 202 0 23.8 54.2 10.5 3.5 2 1 3 3 3
-1024.7 5696.7 1.6 202 0 23.5 80.4 10.5 0.0 0 1 3 2 2
-309.5 6505.5 0.2 11 0 14.8 50.1 10.0 2.5 2 1 4 2 2
-23.4 7575.1 -11.3 271 0 11.2 23.5 15.0 0.0 0 1 6 3 3
