-5714.4 -61.4 -4.3 33 0 11.2 34.8 5.0 2.5 2 1 2 1 1
-5157.0 -223.9 -10.0 123 0 502.1 8.8 7.5 0.0 0 0 3 0 0
-4940.0 -350.6 -9.9 213 0 15.5 22.3 7.5 2.5 2 0 3 0 0
-4986.3 -446.7 -6.9 123 0 20.1 27.0 12.5 0.0 0 0 5 1 1
-5746.3 -110.3 -4.2 33 0 11.2 34.8 7.5 0.0 0 1 3 2 2
-5704.4 -187.1 -4.7 212 0 24.4 13.2 10.0 2.5 2 0 4 4 4
-4947.3 -184.1 -11.0 31 0 23.5 16.4 10.0 2.5 2 0 4 5 5
-4961.9 -393.6 -9.7 212 0 61.8 9.9 7.5 2.5 2 0 3 4 4
-4844.5 357.7 -13.2 214 0 14.4 47.4 10.0 2.5 2 1 4 2 2
-5765.9 -142.0 -4.2 33 0 11.2 34.8 15.0 0.0 0 1 6 3 3
-5959.5 -6.4 -6.6 212 0 16.0 70.1 10.0 2.5 2 1 4 0 0
-5113.5 -180.8 -10.2 32 0 11.0 51.1 10.0 0.0 0 1 4 3 3
-5342.6 272.6 -8.8 212 0 15.2 22.3 7.5 2.5 2 1 3 5 5
-5828.6 88.3 -6.7 302 0 70.1 16.0 10.0 2.5 2 0 4 2 2
-5906.9 29.4 -6.3 212 0 15.9 70.1 10.0 2.5 2 1 4 5 5
-5740.6 -247.1 -4.6 213 0 15.7 18.5 10.0 2.5 2 1 4 3 3
-5947.6 12.2 -6.7 212 0 15.9 70.1 10.0 2.5 2 1 4 2 2
-5059.3 -113.0 -9.3 32 0 17.2 61.5 10.0 2.5 2 1 4 4 4
-4407.3 -670.4 -9.2 214 0 168.7 11.3 10.0 0.0 0 0 4 4 4
-5666.2 -196.3 -5.0 302 0 43.9 22.3 7.5 0.0 0 0 3 3 3
-5700.5 -26.6 -4.3 32 0 45.6 11.8 12.5 2.5 2 0 5 3 3
-5464.3 82.5 -6.0 212 0 15.2 22.3 10.0 2.5 2 1 4 0 0
-4639.4 -651.2 -9.3 122 0 384.3 11.6 10.0 0.0 0 0 4 4 4
-5734.4 -92.7 -4.2 33 0 11.2 34.8 7.5 2.5 2 1 3 0 0
-4947.0 -453.1 -6.7 122 0 64.2 9.9 7.5 2.5 2 0 3 3 3
-4814.0 -533.1 -9.3 32 0 9.7 104.7 7.5 2.5 2 0 3 5 5
-5057.6 -230.2 -11.2 213 0 47.6 14.4 10.0 2.5 4 0 4 2 2
-5422.5 -96.8 -6.7 303 0 6.9 39.4 7.5 2.5 2 1 3 4 4
-5841.1 -46.1 -4.4 33 0 11.5 20.8 5.0 2.5 2 1 2 2 2
-5408.8 385.4 -9.8 33 0 9.6 25.0 7.5 2.5 2 1 3 0 0
-5741.6 -65.4 -4.1 34 0 12.0 18.1 7.5 0.0 0 1 3 0 0
-5054.2 -354.8 -8.9 32 0 32.7 92.7 12.5 0.0 0 1 5 1 1
-5891.4 53.7 -6.4 212 0 16.0 70.1 10.0 2.5 2 1 4 5 5
-5519.6 -78.5 -4.9 33 0 9.6 31.0 7.5 2.5 2 1 3 4 4
-5614.7 -161.5 -5.2 122 0 23.1 29.9 10.0 0.0 0 1 4 4 4
-5490.3 -75.0 -5.7 213 0 12.5 22.8 7.5 2.5 2 1 3 0 0
-5454.0 -85.1 -6.0 304 0 14.6 23.8 7.5 2.5 2 1 3 5 5
-5520.5 35.0 -6.0 214 0 16.5 47.2 5.0 0.0 0 1 2 2 2
-5408.7 171.4 -7.2 212 0 15.2 22.3 7.5 2.5 2 1 3 4 4
-5082.2 -133.2 -9.7 33 0 22.2 52.2 5.0 0.0 0 1 2 0 0
-5420.9 -62.9 -7.3 121 0 22.4 15.3 10.0 2.5 2 0 4 1 1
-5878.0 74.4 -6.5 212 0 15.9 70.1 12.5 2.5 2 1 5 3 3
-5574.4 -168.9 -5.3 32 0 25.0 21.1 10.0 2.5 2 0 4 4 4
-5555.5 -135.6 -5.4 32 0 36.7 42.5 10.0 0.0 0 1 4 5 5
-4920.0 -488.3 -7.3 121 0 18.5 28.2 7.5 2.5 2 0 3 3 3
-4816.9 -555.8 -9.4 121 0 18.6 28.2 10.0 2.5 2 0 4 2 2
-5692.8 -349.5 -5.1 217 0 10.5 14.8 5.0 2.5 2 1 2 1 1
-5482.1 29.7 -5.9 191 0 6.3 8.9 5.0 2.5 2 1 2 4 4
-5531.6 -93.6 -5.4 37 0 10.5 14.8 5.0 2.5 2 1 2 3 3
-5020.1 -183.4 -10.9 220 0 11.6 16.4 7.5 2.5 2 1 3 5 5
-5377.8 -88.0 -7.8 124 0 16.3 15.4 10.0 2.5 2 0 4 3 3
-4991.6 -206.6 -11.2 11 0 6.3 8.9 5.0 2.5 4 1 2 0 0
-5003.0 -158.2 -10.4 220 0 11.6 16.4 7.5 2.5 2 1 3 3 3
4697.4 -2494.7 7.7 184 0 8.5 6.5 7.5 2.5 2 0 3 2 2
4750.1 -2394.1 6.3 83 0 12.0 17.5 2.5 2.5 2 1 1 3 3
4734.7 -2379.7 7.2 175 0 6.4 9.7 7.5 2.5 2 1 3 2 2
4662.2 -2467.4 8.3 25 0 20.0 10.8 7.5 2.5 2 0 3 2 2
4601.9 -2437.9 9.0 180 0 4.1 13.9 2.5 2.5 2 1 1 5 5
4546.6 -2527.4 8.8 354 0 5.3 16.3 5.0 2.5 4 1 2 0 0
4521.6 -2571.0 8.6 5 0 5.0 15.5 7.5 2.5 2 1 3 1 1
4539.4 -2560.5 8.6 7 0 7.3 9.1 2.5 2.5 2 1 1 2 2
4494.7 -2520.6 9.2 281 0 11.3 10.8 7.5 2.5 2 0 3 3 3
4465.9 -2453.1 8.0 353 0 9.5 13.2 7.5 2.5 2 1 3 5 5
4425.9 -2482.8 7.5 178 0 4.8 18.1 7.5 2.5 4 1 3 3 3
4442.4 -2562.8 9.3 182 0 7.4 5.7 5.0 0.0 0 0 2 2 2
4438.3 -2586.5 9.2 106 0 6.7 10.7 7.5 2.5 2 1 3 5 5
4471.0 -2626.8 8.6 118 0 5.3 6.3 5.0 2.5 2 1 2 3 3
4500.2 -2723.8 7.5 120 0 7.4 17.7 5.0 2.5 2 1 2 4 4
4498.8 -2688.3 7.8 205 0 15.3 5.4 5.0 2.5 4 0 2 0 0
4488.4 -2752.4 7.4 114 0 10.6 7.2 5.0 2.5 2 0 2 3 3
4438.8 -2745.0 7.9 129 0 7.0 18.9 5.0 2.5 2 1 2 0 0
4582.9 -2853.8 5.8 77 0 7.3 8.4 7.5 2.5 2 1 3 2 2
4579.7 -2693.8 7.1 275 0 4.1 6.8 2.5 2.5 2 1 1 2 2
4679.2 -2831.1 5.1 3 0 4.2 14.4 7.5 2.5 2 1 3 2 2
4666.1 -2895.2 4.4 8 0 10.7 8.3 7.5 2.5 2 0 3 0 0
4443.5 -2533.7 9.2 175 0 11.6 14.6 7.5 2.5 2 1 3 3 3
4479.2 -2639.1 8.3 220 0 6.9 9.9 2.5 2.5 2 1 1 4 4
4371.8 -2604.3 9.1 304 0 13.6 14.7 5.0 2.5 2 1 2 0 0
4325.3 -2685.8 9.3 190 0 5.5 7.9 5.0 2.5 2 1 2 5 5
4331.2 -2763.3 8.6 114 0 11.9 14.9 5.0 2.5 2 1 2 4 4
