1323.8 -56.8 -2.0 73 0 33.4 16.3 10.5 3.5 2 0 3 0 0
5631.4 -2471.5 2.8 1 0 60.6 30.9 10.0 0.0 0 0 4 0 0
3201.2 3342.9 -5.4 180 0 32.9 77.1 7.5 0.0 0 1 3 4 4
3277.2 3276.7 -5.3 1 0 29.6 88.2 10.0 0.0 0 1 4 1 1
1425.2 2509.2 -5.4 90 0 97.2 24.2 17.5 0.0 0 0 5 4 4
1377.2 2554.0 -4.9 180 0 23.6 55.9 17.5 3.5 2 1 5 2 2
1429.1 2469.7 -5.2 90 0 97.2 24.2 17.5 0.0 0 0 5 1 1
-3950.8 4989.9 -1.7 184 0 9.1 13.2 7.5 2.5 2 1 3 2 2
-1088.4 4312.7 -3.2 1 0 14.6 10.6 5.0 2.5 4 0 2 0 0
-423.2 703.1 -1.3 246 0 8.6 66.9 10.5 3.5 2 1 3 1 1
-400.5 712.5 -1.1 246 0 8.6 66.9 10.5 3.5 2 1 3 2 2
-517.4 678.2 -1.3 71 0 10.5 24.6 14.0 3.5 2 1 4 2 2
4778.8 -11427.4 -10.0 96 0 11.7 36.2 12.5 2.5 2 1 5 1 1
4825.6 -11347.7 -9.1 271 0 11.2 24.1 10.0 2.5 2 1 4 3 3
4831.5 -11412.3 -9.9 90 0 8.1 28.7 7.5 2.5 2 1 3 4 4
4886.3 -11361.4 -11.0 360 0 37.3 10.0 10.0 2.5 2 0 4 5 5
4881.0 -11303.3 -10.4 270 0 9.8 35.9 7.5 2.5 2 1 3 2 2
4848.3 -11333.9 -9.9 271 0 12.0 45.4 10.0 2.5 2 1 4 4 4
4773.5 -11310.5 -7.5 181 0 68.6 12.0 7.5 2.5 2 0 3 5 5
4760.2 -11109.7 -5.4 270 0 17.5 121.5 7.5 0.0 0 1 3 4 4
5713.6 -10898.0 -17.5 24 0 7.6 16.9 5.0 2.5 2 1 2 0 0
5714.9 -10867.9 -17.9 110 0 12.1 16.9 2.5 2.5 2 1 1 5 5
4672.8 -11142.6 -7.0 2 0 62.0 15.7 12.5 2.5 2 0 5 4 4
4666.5 -11205.8 -5.8 1 0 58.0 11.4 17.5 2.5 2 0 7 2 2
3966.4 -12198.0 -15.3 94 0 11.4 14.5 7.5 2.5 2 1 3 5 5
5356.7 -11484.2 -12.3 194 0 7.4 10.3 7.5 2.5 2 1 3 0 0
5338.3 -11457.3 -12.9 282 0 8.3 8.7 7.5 2.5 2 1 3 1 1
5300.3 -11476.4 -13.1 176 0 7.4 9.7 7.5 2.5 2 1 3 2 2
5312.5 -11452.7 -13.3 271 0 15.1 9.5 7.5 2.5 2 0 3 0 0
4908.4 -4006.2 -5.8 271 0 10.6 25.8 10.0 2.5 4 1 4 0 0
4928.0 -4073.8 -6.2 271 0 10.8 31.3 7.5 2.5 2 1 3 5 5
4926.3 -4150.2 -7.6 91 0 9.0 42.0 7.5 0.0 0 1 3 4 4
5918.6 -3552.7 -9.7 117 0 8.9 37.3 7.5 2.5 2 1 3 1 1
1679.2 599.8 -1.5 298 0 18.8 50.2 10.0 2.5 2 1 4 2 2
1663.1 1991.4 -1.4 24 0 5.4 18.5 5.0 2.5 2 1 2 2 2
1686.5 2163.2 -1.3 5 0 27.5 25.5 14.0 0.0 0 0 4 4 4
1302.2 1677.6 -0.3 293 0 27.6 12.7 17.5 3.5 2 0 5 1 1
2702.1 130.2 -3.4 87 0 129.1 28.8 14.0 0.0 0 0 4 5 5
1440.7 1767.1 -0.7 22 0 7.2 25.9 5.0 0.0 0 1 2 2 2
472.7 651.0 0.6 98 0 56.8 20.3 14.0 3.5 2 0 4 1 1
1204.3 2101.3 -1.1 121 0 20.8 26.7 14.0 0.0 0 1 4 5 5
2115.1 579.5 -1.7 193 0 17.0 18.2 14.0 0.0 0 1 4 5 5
1329.4 1628.0 -0.3 107 0 32.4 17.0 17.5 3.5 2 0 5 2 2
1363.1 2014.3 -1.8 125 0 10.9 47.3 17.5 3.5 2 1 5 4 4
1586.2 1876.7 0.7 310 0 21.3 24.3 14.0 3.5 2 1 4 3 3
956.6 1732.7 0.3 177 0 15.7 17.7 14.0 0.0 0 1 4 2 2
1099.5 912.5 0.7 248 0 32.7 18.9 17.5 0.0 0 0 5 0 0
2053.2 2076.2 -1.2 180 0 29.7 12.0 17.5 3.5 2 0 5 0 0
2172.2 740.1 -1.2 295 0 14.6 19.1 14.0 3.5 2 1 4 5 5
2249.3 546.6 -4.6 292 0 16.3 32.9 17.5 3.5 2 1 5 3 3
1418.6 7224.1 -4.9 1 0 49.6 23.4 10.0 2.5 2 0 4 2 2
