-5660.0 -7696.9 -4.3 200 0 113.1 143.3 10.0 0.0 0 1 4 1 1
-6853.9 -5623.1 -1.0 35 0 17.1 12.9 5.0 2.5 4 0 2 5 5
-6832.7 -5544.3 -0.4 217 0 17.9 9.9 7.5 2.5 2 0 3 3 3
-6898.2 -5815.9 -2.5 36 0 28.2 23.1 10.0 0.0 0 0 4 4 4
-6782.2 -6475.2 -8.1 141 0 86.0 128.2 10.0 0.0 0 1 4 1 1
-6450.0 -7447.8 -12.3 110 0 29.3 13.2 7.5 2.5 2 0 3 2 2
-6477.6 -7269.7 -13.1 20 0 10.8 7.0 7.5 2.5 4 0 3 4 4
-6859.7 -5657.2 -1.5 217 0 16.7 39.8 7.5 2.5 2 1 3 4 4
-5833.2 -7473.5 -6.6 199 0 42.0 14.4 10.0 2.5 4 0 4 3 3
-5984.5 -7403.6 -8.2 200 0 70.8 148.4 12.5 0.0 0 1 5 1 1
-6926.1 -5688.5 -1.7 217 0 39.0 18.4 10.0 2.5 2 0 4 4 4
-6408.2 -7351.4 -12.2 19 0 8.5 14.0 7.5 0.0 0 1 3 5 5
-6434.2 -7417.8 -12.1 109 0 9.4 10.0 5.0 2.5 2 1 2 5 5
-6413.9 -7367.2 -12.2 19 0 8.5 14.0 5.0 2.5 2 1 2 1 1
-6318.7 -7302.8 -11.6 198 0 97.1 77.6 10.0 0.0 0 0 4 5 5
-6831.4 -5650.5 -1.3 126 0 25.6 13.8 15.0 0.0 0 0 6 2 2
-6698.5 -6519.8 -8.3 53 0 22.0 18.0 7.5 0.0 0 0 3 3 3
-6418.0 -7390.3 -12.1 21 0 16.8 10.5 5.0 2.5 2 0 2 5 5
