-5105.1 -5840.9 -6.7 270 0 23.2 126.1 7.5 0.0 0 1 3 4 4
-5115.2 -6090.8 -8.5 90 0 21.9 107.9 12.5 0.0 0 1 5 0 0
-5022.4 -5799.4 -3.2 270 0 25.2 168.8 7.5 0.0 0 1 3 0 0
-5157.8 -5946.1 -9.5 179 0 42.8 24.4 12.5 0.0 0 0 5 5 5
-5073.6 -6105.8 -6.0 90 0 23.7 124.9 12.5 0.0 0 1 5 4 4
-5063.2 -5967.0 -4.2 90 0 24.9 126.4 10.0 0.0 0 1 4 0 0
-4208.4 -10885.4 -13.8 269 0 4.9 16.7 7.5 0.0 0 1 3 0 0
-3800.7 -11357.1 -12.2 28 0 9.4 7.0 7.5 2.5 2 0 3 1 1
-2290.1 -8746.4 -2.3 355 0 14.7 7.5 2.5 2.5 2 0 1 1 1
-3774.2 -11258.3 -11.3 98 0 17.2 22.8 10.0 2.5 2 1 4 3 3
-2503.9 -11123.6 -4.0 1 0 51.3 11.1 10.0 2.5 2 0 4 3 3
-3846.5 -11238.3 -12.3 284 0 47.5 8.8 7.5 0.0 0 0 3 3 3
-3887.4 -11280.7 -12.9 105 0 6.2 16.5 5.0 2.5 2 1 2 1 1
-3875.5 -11232.4 -12.8 283 0 6.3 22.3 2.5 2.5 2 1 1 3 3
-5832.9 -10121.3 -12.4 2 0 62.8 12.4 7.5 2.5 2 0 3 0 0
-4096.6 -8566.4 -4.5 173 0 10.3 5.7 5.0 0.0 0 0 2 1 1
-4102.5 -8630.7 -6.3 265 0 10.4 15.9 7.5 2.5 2 1 3 3 3
-4286.3 -8882.7 -10.8 4 0 54.5 11.7 10.0 2.5 2 0 4 0 0
-4346.5 -8902.0 -10.4 183 0 9.4 43.1 7.5 2.5 2 1 3 3 3
-5503.8 -3850.5 -8.9 13 0 30.2 17.4 10.0 2.5 2 0 4 2 2
-6836.4 -2622.6 -10.4 233 0 17.1 72.9 12.5 0.0 0 1 5 3 3
-6866.7 -2664.6 -10.0 234 0 32.3 48.5 10.0 0.0 0 1 4 2 2
-5733.0 -2087.5 -0.3 271 0 15.2 6.8 5.0 2.5 2 0 2 3 3
-5738.6 -2119.0 -0.6 92 0 23.9 7.7 7.5 2.5 2 0 3 5 5
-5768.1 -2119.9 -0.4 92 0 27.8 11.1 7.5 2.5 2 0 3 5 5
-3649.6 -5791.3 -6.4 180 0 8.0 32.9 7.5 2.5 2 0 3 4 4
