456.4 -5756.9 -2.6 112 0 22.6 38.2 12.5 0.0 0 0 5 0 0
401.3 -5816.1 -3.9 202 0 7.9 36.1 7.5 2.5 2 0 3 1 1
444.8 -5705.0 -2.2 202 0 11.3 34.4 10.0 2.5 2 0 4 4 4
445.8 -5784.7 -3.8 292 0 22.0 41.7 5.0 0.0 0 0 2 5 5
-2672.9 -1768.5 10.4 89 0 58.5 83.7 14.0 0.0 0 1 4 3 3
-2606.5 -1767.2 11.6 88 0 63.9 84.2 14.0 0.0 0 1 4 0 0
-2725.3 -1767.6 9.5 89 0 38.5 81.8 14.0 0.0 0 1 4 1 1
-3447.5 -2172.1 10.7 177 0 124.3 38.4 14.0 0.0 0 0 4 0 0
-2683.7 -1630.0 7.8 177 0 76.2 100.7 14.0 0.0 0 1 4 1 1
-3508.1 -2312.3 8.5 177 0 100.0 104.3 14.0 0.0 0 1 4 5 5
-2266.9 -6383.3 -15.9 350 0 17.7 34.6 12.5 0.0 0 1 5 2 2
591.1 -5740.5 -1.7 111 0 41.3 11.4 10.0 2.5 4 0 4 2 2
547.1 -5899.6 -1.9 112 0 12.0 20.8 5.0 2.5 2 1 2 3 3
565.4 -5906.7 -2.0 111 0 16.0 24.6 7.5 2.5 2 1 3 4 4
603.7 -5702.9 -1.7 291 0 32.3 11.0 10.0 2.5 4 0 4 0 0
6548.9 -6170.7 0.4 231 0 13.8 36.0 12.5 0.0 0 1 5 4 4
6840.6 -5829.1 -1.7 39 0 16.9 13.0 5.0 2.5 2 0 2 1 1
6633.7 -5293.7 4.9 134 0 24.2 8.2 2.5 2.5 2 0 1 5 5
6809.9 -5869.6 -1.4 36 0 17.1 13.5 5.0 2.5 2 0 2 3 3
6924.1 -5716.9 0.1 36 0 17.5 13.5 10.0 2.5 2 0 4 2 2
6382.4 -5897.5 0.3 230 0 45.1 29.9 12.5 0.0 0 0 5 2 2
6688.8 -5995.2 -0.9 306 0 71.7 15.2 12.5 2.5 2 0 5 3 3
6485.7 -6103.9 1.4 229 0 12.1 29.9 7.5 0.0 0 1 3 0 0
6870.4 -5839.0 -2.1 304 0 16.0 12.0 5.0 2.5 2 0 2 4 4
6906.9 -5739.6 -0.6 36 0 25.0 18.0 10.0 2.5 2 0 4 1 1
6762.0 -5933.4 -1.0 38 0 17.2 14.4 2.5 2.5 2 0 1 4 4
6784.9 -5902.9 -1.3 37 0 38.4 20.2 10.0 0.0 0 0 4 2 2
6699.2 -5419.6 4.3 315 0 62.0 14.3 10.0 2.5 2 0 4 3 3
6652.2 -6176.5 -1.6 322 0 36.1 60.2 10.0 0.0 0 1 4 2 2
6925.7 -5764.7 -1.6 308 0 31.7 75.1 10.0 0.0 0 1 4 5 5
6879.2 -5778.8 -1.5 38 0 37.6 13.7 10.0 2.5 2 0 4 2 2
6828.8 -5846.3 -1.6 41 0 14.1 10.9 7.5 0.0 0 0 3 1 1
6474.3 -6072.5 -1.0 51 0 121.5 144.3 15.0 0.0 0 1 6 0 0
6459.6 -5471.4 1.7 231 0 25.3 32.2 12.5 0.0 0 1 5 0 0
6527.7 -6017.4 2.1 141 0 21.2 13.8 7.5 2.5 2 0 3 5 5
-612.6 -3979.9 -2.8 262 0 26.8 15.6 14.0 3.5 2 0 4 1 1
-607.5 -4011.7 -2.8 82 0 26.9 15.6 14.0 3.5 2 0 4 3 3
-602.0 -4053.0 -3.0 82 0 26.8 15.6 14.0 0.0 0 0 4 4 4
-606.3 -4021.5 -2.9 262 0 26.8 15.6 14.0 0.0 0 0 4 3 3
-857.5 -4088.4 -5.1 169 0 7.8 11.8 10.5 3.5 2 0 3 4 4
-832.9 -4083.5 -4.9 349 0 7.9 13.3 10.5 3.5 2 0 3 0 0
-856.1 -4096.4 -5.1 169 0 7.8 11.8 10.5 3.5 2 0 3 2 2
-861.5 -4063.6 -5.0 169 0 7.8 11.8 10.5 3.5 2 0 3 2 2
-836.9 -4058.7 -4.9 349 0 7.8 13.3 10.5 3.5 2 0 3 5 5
-838.3 -4050.5 -4.9 349 0 7.8 13.3 10.5 3.5 2 0 3 3 3
-864.2 -4047.1 -5.0 169 0 7.8 11.8 10.5 3.5 2 0 3 1 1
-1117.8 -3838.1 -6.2 169 0 10.3 9.8 10.5 3.5 2 0 3 4 4
-1119.8 -3827.7 -6.2 169 0 10.3 9.8 10.5 3.5 4 0 3 2 2
-1133.7 -3738.7 -6.0 169 0 10.3 9.8 10.5 3.5 2 0 3 5 5
-1138.9 -3715.9 -6.0 169 0 10.3 9.8 10.5 3.5 2 0 3 3 3
-1104.9 -3633.3 -5.4 169 0 10.3 12.8 17.5 0.0 0 1 5 1 1
-1115.8 -3646.8 -5.5 169 0 10.3 12.8 17.5 0.0 0 1 5 0 0
-1102.7 -3644.3 -5.4 169 0 10.3 12.8 17.5 3.5 2 1 5 1 1
-1113.3 -3657.3 -5.5 169 0 10.3 12.8 17.5 3.5 2 1 5 0 0
-1100.2 -3654.8 -5.4 169 0 10.3 12.8 17.5 3.5 2 1 5 3 3
-1111.7 -3668.1 -5.6 169 0 10.3 12.8 17.5 3.5 2 1 5 1 1
-1098.6 -3665.6 -5.4 169 0 10.3 12.8 17.5 3.5 2 1 5 5 5
-1079.0 -3775.0 -5.7 170 0 11.2 12.8 17.5 3.5 2 0 5 3 3
-1077.8 -3785.1 -5.7 177 0 10.3 12.7 17.5 3.5 2 0 5 0 0
-1095.8 -3687.7 -5.5 169 0 10.3 12.8 17.5 3.5 2 0 5 5 5
-1093.9 -3697.3 -5.5 169 0 9.2 12.8 10.5 3.5 2 0 3 2 2
-1075.5 -3801.8 -5.8 170 0 10.4 12.8 17.5 3.5 2 0 5 5 5
-1089.9 -3717.6 -5.6 169 0 12.4 12.8 17.5 3.5 2 0 5 2 2
-1072.0 -3822.3 -5.8 170 0 11.1 12.8 17.5 3.5 2 0 5 5 5
-1087.8 -3728.4 -5.6 169 0 9.7 12.8 10.5 3.5 2 0 3 0 0
-1083.0 -3752.5 -5.6 169 0 9.6 12.8 10.5 3.5 2 0 3 4 4
-1062.0 -3838.2 -5.8 77 0 12.8 12.2 17.5 3.5 2 0 5 4 4
-1090.3 -3795.6 -5.9 170 0 7.2 12.8 10.5 3.5 2 0 3 2 2
-1107.2 -3699.6 -5.6 169 0 9.2 12.8 10.5 3.5 2 0 3 2 2
-1088.8 -3804.1 -5.9 170 0 10.4 12.8 17.5 3.5 2 0 5 1 1
-1105.4 -3708.9 -5.7 169 0 9.9 12.8 10.5 3.5 2 0 3 5 5
-1103.2 -3719.9 -5.7 169 0 12.4 12.8 17.5 3.5 2 0 5 5 5
-1098.7 -3742.8 -5.7 169 0 15.0 12.8 17.5 3.5 2 0 5 5 5
-1094.3 -3765.7 -5.8 170 0 12.7 12.8 17.5 3.5 2 0 5 5 5
-1114.3 -3718.3 -5.9 349 0 9.9 12.8 10.5 3.5 2 0 3 1 1
-1105.3 -3764.2 -6.0 349 0 9.6 12.8 10.5 3.5 2 0 3 2 2
-1103.3 -3775.1 -6.0 350 0 12.7 12.8 17.5 3.5 2 0 5 4 4
-1100.1 -3796.8 -6.0 357 0 10.3 12.7 17.5 3.5 2 0 5 1 1
-1097.8 -3813.5 -6.1 350 0 10.4 12.8 17.5 3.5 2 0 5 0 0
-1096.0 -3823.5 -6.1 350 0 10.4 12.8 17.5 3.5 2 0 5 1 1
-1091.9 -3845.2 -6.2 347 0 11.9 12.8 17.5 3.5 2 0 5 1 1
-1963.4 -5593.4 -10.4 270 0 5.9 14.6 10.5 3.5 2 1 3 1 1
-1949.1 -5592.2 -10.2 269 0 5.9 14.6 10.5 3.5 2 1 3 3 3
-1881.4 -5510.0 -9.8 176 0 10.3 13.5 14.0 3.5 2 1 4 0 0
-1879.9 -5525.8 -9.8 176 0 10.3 13.5 14.0 0.0 0 1 4 2 2
-1879.1 -5543.4 -9.9 176 0 10.3 13.5 14.0 0.0 0 1 4 4 4
-1877.6 -5559.2 -10.0 176 0 10.3 13.5 14.0 3.5 2 1 4 4 4
-1876.5 -5576.3 -10.0 176 0 10.3 13.5 14.0 0.0 0 1 4 2 2
-1875.0 -5592.1 -9.9 176 0 10.3 13.5 14.0 3.5 2 1 4 3 3
-1821.9 -5621.1 -9.8 90 0 7.6 14.8 10.5 0.0 0 1 3 4 4
-1810.9 -5619.0 -9.9 121 0 9.1 16.3 10.5 3.5 2 1 3 1 1
-1827.6 -5540.8 -9.7 270 0 6.5 14.8 10.5 0.0 0 1 3 4 4
-1776.5 -5493.1 -9.4 268 0 4.5 12.5 10.5 3.5 2 0 3 0 0
-1792.3 -5495.0 -9.7 268 0 4.5 12.5 10.5 3.5 2 0 3 0 0
-1786.3 -5522.8 -9.9 89 0 4.5 12.4 10.5 3.5 2 0 3 2 2
-1844.5 -5305.7 -9.3 103 0 11.8 18.6 14.0 0.0 0 1 4 3 3
-1859.7 -5306.6 -9.2 103 0 11.8 18.6 14.0 0.0 0 1 4 5 5
-1876.1 -5308.2 -9.0 103 0 11.8 18.6 14.0 0.0 0 1 4 5 5
-1882.4 -5252.7 -9.5 178 0 12.6 16.2 14.0 0.0 0 1 4 3 3
-1787.0 -5335.0 -8.9 264 0 16.8 19.4 14.0 0.0 0 1 4 4 4
-1761.3 -5332.6 -9.2 264 0 16.8 19.4 14.0 0.0 0 1 4 3 3
-1733.8 -5330.6 -9.3 264 0 16.8 19.4 14.0 0.0 0 1 4 3 3
-1693.3 -5344.1 -9.3 12 0 12.4 27.0 14.0 0.0 0 1 4 4 4
-1715.7 -5389.0 -8.5 352 0 13.2 23.8 14.0 3.5 2 1 4 0 0
-1689.6 -5387.5 -8.7 352 0 13.2 23.8 14.0 3.5 2 1 4 1 1
-1684.8 -5412.0 -8.4 2 0 12.8 25.1 14.0 0.0 0 1 4 2 2
-1711.4 -5412.8 -8.5 2 0 12.7 25.1 14.0 0.0 0 1 4 5 5
-1731.0 -5565.4 -9.7 176 0 11.6 12.4 14.0 0.0 0 1 4 0 0
-1729.5 -5581.1 -9.4 176 0 11.6 12.4 14.0 3.5 2 1 4 3 3
-1733.1 -5530.3 -9.6 176 0 11.6 12.4 14.0 3.5 2 1 4 3 3
-1731.8 -5548.2 -9.8 176 0 11.6 12.5 14.0 0.0 0 1 4 5 5
-1735.8 -5499.3 -8.8 176 0 11.6 12.4 14.0 3.5 2 1 4 4 4
-1689.3 -5528.0 -8.9 176 0 11.6 12.4 14.0 3.5 2 1 4 2 2
-1686.6 -5563.7 -9.7 176 0 11.6 12.4 14.0 3.5 2 1 4 1 1
4691.3 -6104.5 -2.1 121 0 11.7 18.8 2.5 0.0 0 1 1 4 4
4675.4 -6094.9 -2.0 122 0 11.7 18.8 2.5 0.0 0 1 1 5 5
4662.3 -6085.6 -2.0 121 0 11.7 18.8 2.5 0.0 0 1 1 4 4
4642.9 -6063.3 -1.9 211 0 15.9 15.4 10.0 0.0 0 0 4 1 1
4678.5 -6035.2 -1.9 301 0 10.3 18.8 2.5 0.0 0 1 1 1 1
4695.3 -6046.4 -2.0 302 0 10.3 18.8 5.0 0.0 0 1 2 3 3
4709.0 -6054.9 -2.0 301 0 10.3 18.8 5.0 0.0 0 1 2 4 4
4724.8 -6065.3 -2.1 302 0 10.3 18.8 2.5 0.0 0 1 1 0 0
4737.9 -6074.3 -2.2 301 0 10.3 18.8 5.0 0.0 0 1 2 0 0
4754.8 -6084.5 -2.3 302 0 10.3 18.8 2.5 0.0 0 1 1 4 4
4859.8 -5949.9 -2.2 103 0 11.0 14.0 5.0 2.5 2 0 2 1 1
4872.6 -5952.9 -2.3 103 0 15.3 14.0 5.0 2.5 2 0 2 2 2
4887.1 -5956.4 -2.3 103 0 14.4 14.0 7.5 2.5 2 0 3 1 1
4901.4 -5959.8 -2.4 103 0 15.2 14.0 5.0 2.5 2 0 2 1 1
4917.6 -5963.6 -2.5 103 0 18.2 14.1 12.5 2.5 2 0 5 2 2
4866.5 -5934.9 -2.2 102 0 14.4 14.0 5.0 2.5 2 0 2 5 5
4881.0 -5938.1 -2.3 102 0 15.2 14.0 7.5 2.5 2 0 3 1 1
4897.2 -5941.7 -2.3 102 0 18.2 14.0 7.5 2.5 2 0 3 2 2
4927.7 -5867.6 -2.2 283 0 14.0 14.5 2.5 2.5 2 0 1 4 4
4924.5 -5881.7 -2.3 283 0 14.0 15.2 5.0 2.5 2 0 2 2 2
4917.1 -5914.4 -2.3 103 0 14.0 18.3 7.5 2.5 2 0 3 0 0
4941.2 -5886.1 -2.3 283 0 14.0 15.2 7.5 2.5 2 0 3 2 2
4944.4 -5872.0 -2.3 283 0 14.0 14.5 5.0 2.5 2 0 2 1 1
4933.8 -5918.8 -2.4 103 0 14.0 18.3 10.0 2.5 2 0 4 5 5
4859.9 -5803.6 -1.8 200 0 14.0 18.2 10.0 2.5 2 0 4 4 4
4887.6 -5806.2 -1.9 291 0 17.8 14.0 2.5 2.5 2 0 1 2 2
4951.1 -5830.1 -2.1 290 0 16.9 14.0 2.5 2.5 2 0 1 1 1
4903.5 -5812.2 -2.0 290 0 16.5 14.0 2.5 2.5 2 0 1 5 5
4919.0 -5818.2 -2.1 293 0 17.2 14.0 7.5 2.5 2 0 3 2 2
4935.0 -5824.4 -2.1 290 0 17.4 14.0 2.5 2.5 2 0 1 4 4
4893.5 -5791.1 -1.9 292 0 17.1 14.0 5.0 2.5 2 0 2 4 4
4909.0 -5797.3 -2.0 292 0 16.5 14.0 5.0 2.5 2 0 2 0 0
4924.5 -5803.5 -2.0 292 0 16.8 14.0 5.0 2.5 2 0 2 4 4
4940.3 -5809.9 -2.0 292 0 17.4 14.0 5.0 2.5 2 0 2 5 5
4843.5 -5874.5 -2.0 201 0 18.2 14.0 7.5 2.5 2 0 3 1 1
4837.2 -5891.1 -2.0 201 0 17.1 14.0 7.5 2.5 2 0 3 4 4
4816.9 -5965.0 -2.1 111 0 14.0 16.9 2.5 2.5 2 0 1 4 4
4831.3 -5906.9 -2.0 201 0 16.5 14.0 5.0 2.5 2 0 2 1 1
4825.4 -5922.5 -2.1 201 0 16.8 14.0 2.5 2.5 2 0 1 1 1
4854.6 -5845.0 -1.9 201 0 14.5 14.0 7.5 2.5 2 0 3 5 5
4849.4 -5858.9 -2.0 201 0 15.2 14.0 5.0 2.5 2 0 2 4 4
4819.4 -5938.5 -2.1 201 0 17.4 14.0 5.0 2.5 2 0 2 5 5
4838.9 -5838.9 -1.9 201 0 14.5 14.0 2.5 2.5 2 0 1 4 4
4833.6 -5852.7 -1.9 201 0 15.2 14.0 5.0 2.5 2 0 2 2 2
4827.7 -5868.4 -1.9 201 0 18.2 14.0 10.0 2.5 2 0 4 4 4
4821.4 -5884.9 -1.9 201 0 17.1 14.0 5.0 2.5 2 0 2 0 0
4815.7 -5900.8 -2.0 198 0 16.2 14.0 5.0 2.5 2 0 2 0 0
4810.1 -5916.5 -2.0 201 0 16.8 14.0 7.5 2.5 2 0 3 0 0
4804.1 -5932.5 -2.0 201 0 17.4 14.0 7.5 2.5 2 0 3 0 0
4798.0 -5948.6 -2.1 201 0 16.9 14.0 2.5 2.5 2 0 1 5 5
4979.3 -6082.5 -3.0 18 0 8.6 13.6 5.0 2.5 2 0 2 4 4
5002.1 -6044.7 -3.0 18 0 8.6 13.6 2.5 2.5 2 0 1 2 2
4985.6 -6050.1 -2.9 21 0 8.6 14.9 2.5 2.5 2 0 1 5 5
4962.7 -6030.3 -2.8 201 0 8.6 13.3 2.5 2.5 2 0 1 1 1
4959.2 -6039.9 -2.9 201 0 8.6 13.3 7.5 2.5 2 0 3 4 4
4984.1 -6001.7 -2.8 201 0 8.7 13.3 2.5 2.5 2 0 1 3 3
4967.8 -6006.4 -2.8 201 0 8.8 13.7 2.5 2.5 2 0 1 4 4
4980.6 -6011.3 -2.8 201 0 8.7 13.3 7.5 2.5 2 0 3 5 5
5010.5 -6011.9 -2.9 21 0 8.6 14.9 5.0 2.5 2 0 2 0 0
5019.9 -6025.8 -3.0 18 0 8.6 13.6 2.5 2.5 2 0 1 3 3
5027.1 -5994.7 -2.9 18 0 8.6 13.6 5.0 2.5 2 0 2 5 5
5017.6 -5980.8 -2.8 21 0 8.6 14.9 7.5 2.5 2 0 3 4 4
5014.1 -5990.4 -2.9 21 0 8.6 14.9 5.0 2.5 2 0 2 2 2
4991.3 -5970.6 -2.8 201 0 8.7 13.3 7.5 2.5 2 0 3 5 5
4987.8 -5980.2 -2.8 201 0 8.7 13.3 5.0 2.5 2 0 2 2 2
5090.4 -5972.0 -2.9 201 0 8.7 7.3 5.0 2.5 2 0 2 3 3
5021.9 -5957.3 -2.8 21 0 8.7 13.7 5.0 2.5 2 0 2 1 1
5037.8 -5952.4 -2.8 21 0 8.7 13.3 7.5 2.5 2 0 3 5 5
5025.4 -5947.7 -2.7 21 0 8.7 13.7 7.5 2.5 2 0 3 3 3
5034.3 -5962.1 -2.8 21 0 8.7 13.3 7.5 2.5 2 0 3 2 2
5046.2 -5920.1 -2.6 21 0 9.0 13.6 7.5 2.5 2 0 3 3 3
5029.7 -5925.5 -2.6 21 0 8.6 14.9 2.5 2.5 2 0 1 0 0
4988.5 -5904.9 -2.5 290 0 7.5 8.5 7.5 2.5 2 0 3 5 5
5046.6 -5890.4 -2.4 290 0 13.5 10.4 5.0 2.5 2 0 2 0 0
5033.2 -5885.6 -2.4 290 0 15.0 10.4 5.0 2.5 2 0 2 1 1
5019.6 -5880.7 -2.4 290 0 13.9 10.4 5.0 2.5 2 0 2 3 3
5072.1 -5899.4 -2.5 290 0 12.8 10.4 5.0 2.5 2 0 2 3 3
5059.5 -5895.0 -2.5 290 0 13.9 10.4 10.0 2.5 2 0 4 3 3
5063.1 -5884.7 -2.4 290 0 13.9 10.4 7.5 2.5 2 0 3 3 3
5050.2 -5880.1 -2.4 290 0 13.5 10.4 2.5 2.5 2 0 1 1 1
4352.9 -6088.4 -1.3 104 0 14.6 10.7 7.5 2.5 2 0 3 2 2
4412.7 -6103.1 -1.0 104 0 16.5 10.9 2.5 2.5 2 0 1 4 4
4397.1 -6099.2 -1.1 104 0 15.7 10.9 5.0 2.5 2 0 2 1 1
4425.2 -6085.9 -1.0 14 0 10.9 16.5 7.5 2.5 2 0 3 2 2
4356.1 -6074.3 -1.3 104 0 14.7 10.9 7.5 2.5 2 0 3 5 5
4405.6 -6050.5 -1.0 284 0 6.6 9.9 7.5 2.5 2 0 3 2 2
4386.0 -6051.6 -1.1 15 0 10.0 14.8 7.5 2.5 2 0 3 5 5
4359.5 -6029.9 -1.3 14 0 9.3 15.4 5.0 2.5 2 0 2 2 2
4421.3 -5938.7 -0.9 33 0 15.1 10.9 5.0 2.5 2 0 2 3 3
4455.8 -5889.4 -0.7 35 0 13.7 11.2 10.0 2.5 2 0 4 1 1
4447.5 -5901.1 -0.7 35 0 14.9 11.2 5.0 2.5 2 0 2 2 2
4413.1 -5951.5 -0.9 32 0 15.7 10.9 10.0 2.5 2 0 4 4 4
4395.7 -5977.0 -1.0 35 0 15.7 11.1 7.5 2.5 2 0 3 4 4
4386.8 -5989.7 -1.1 35 0 15.4 11.1 5.0 2.5 2 0 2 0 0
4378.1 -6001.9 -1.1 35 0 14.6 11.2 5.0 2.5 2 0 2 2 2
4400.5 -5942.3 -1.0 36 0 16.4 10.3 5.0 2.5 2 0 2 1 1
4427.3 -5903.5 -0.8 35 0 16.3 10.5 7.5 2.5 2 0 3 3 3
4444.0 -5879.0 -0.7 33 0 13.8 10.5 2.5 2.5 2 0 1 0 0
4436.1 -5890.9 -0.8 35 0 14.9 10.5 2.5 2.5 2 0 1 2 2
4383.9 -5967.1 -1.1 33 0 14.6 10.3 2.5 2.5 2 0 1 3 3
4365.3 -5993.3 -1.2 36 0 16.0 10.5 7.5 2.5 2 0 3 1 1
4356.3 -6005.5 -1.3 36 0 14.4 10.5 5.0 2.5 2 0 2 1 1
4399.5 -5898.3 -1.0 10 0 11.2 9.7 7.5 2.5 2 0 3 0 0
4360.3 -5890.7 -1.1 190 0 10.4 14.7 5.0 2.5 2 0 2 0 0
4408.2 -5884.7 -0.9 14 0 11.2 15.2 2.5 2.5 2 0 1 2 2
4380.1 -5837.1 -1.0 284 0 14.1 10.4 7.5 2.5 2 0 3 3 3
4393.9 -5840.9 -1.0 284 0 14.7 10.1 10.0 2.5 2 0 4 4 4
4391.5 -5850.7 -1.0 284 0 14.7 11.9 7.5 2.5 2 0 3 3 3
4421.7 -5824.1 -0.8 309 0 15.2 10.8 10.0 2.5 2 0 4 1 1
4384.8 -5811.5 -1.0 281 0 14.1 10.8 5.0 2.5 2 0 2 1 1
4355.0 -5805.1 -1.0 283 0 14.9 10.8 10.0 2.5 2 0 4 2 2
4340.8 -5801.8 -0.8 283 0 14.5 10.8 5.0 2.5 2 0 2 4 4
4318.1 -5802.1 -0.6 193 0 10.8 14.8 7.5 2.5 2 0 3 5 5
4352.2 -5828.8 -1.1 283 0 17.2 15.8 7.5 2.5 2 0 3 2 2
4324.6 -5830.4 -0.9 193 0 15.8 17.9 10.0 2.5 2 0 4 1 1
4311.1 -5827.1 -0.7 193 0 15.8 13.9 5.0 2.5 2 0 2 1 1
4338.3 -5850.1 -1.1 193 0 16.1 17.1 7.5 2.5 2 0 3 3 3
4307.4 -5842.7 -0.7 193 0 16.2 13.9 2.5 2.5 2 0 1 4 4
4321.0 -5845.9 -0.9 193 0 16.1 17.9 7.5 2.5 2 0 3 3 3
4332.7 -5876.7 -1.2 193 0 15.8 17.1 10.0 2.5 2 0 4 3 3
4315.3 -5872.5 -1.0 193 0 15.8 17.9 10.0 2.5 2 0 4 2 2
4301.8 -5869.3 -0.8 193 0 15.8 13.9 5.0 2.5 2 0 2 3 3
4329.0 -5892.2 -1.2 193 0 16.2 17.1 10.0 2.5 2 0 4 0 0
4298.1 -5884.8 -0.8 193 0 16.1 13.9 2.5 2.5 2 0 1 0 0
4311.6 -5888.1 -1.0 193 0 16.1 17.9 7.5 2.5 2 0 3 3 3
4323.0 -5920.3 -1.3 193 0 15.8 17.1 7.5 2.5 2 0 3 4 4
4305.6 -5916.1 -1.1 193 0 15.8 17.9 7.5 2.5 2 0 3 3 3
4292.1 -5912.9 -0.9 193 0 15.8 13.9 7.5 2.5 2 0 3 1 1
4319.3 -5935.8 -1.3 193 0 16.2 17.1 7.5 2.5 2 0 3 1 1
4288.4 -5928.4 -0.9 193 0 16.1 13.9 5.0 2.5 2 0 2 4 4
4302.0 -5931.7 -1.1 193 0 16.1 17.9 10.0 2.5 2 0 4 2 2
4314.8 -5960.2 -1.3 193 0 15.8 17.1 7.5 2.5 2 0 3 0 0
4297.4 -5956.0 -1.2 193 0 15.8 17.9 7.5 2.5 2 0 3 0 0
4283.8 -5952.8 -0.9 193 0 15.8 13.9 2.5 2.5 2 0 1 2 2
4311.1 -5975.7 -1.4 193 0 16.2 17.1 7.5 2.5 2 0 3 3 3
4280.1 -5968.3 -1.0 193 0 16.1 13.9 5.0 2.5 2 0 2 4 4
4293.7 -5971.6 -1.2 193 0 16.1 17.9 7.5 2.5 2 0 3 5 5
4300.5 -6020.3 -1.4 193 0 16.1 17.1 7.5 2.5 2 0 3 5 5
4283.2 -6016.1 -1.3 193 0 16.1 17.9 10.0 2.5 2 0 4 3 3
4304.2 -6004.7 -1.4 193 0 15.8 17.1 7.5 2.5 2 0 3 2 2
4286.8 -6000.6 -1.2 193 0 15.8 17.9 7.5 2.5 2 0 3 4 4
4273.3 -5997.3 -1.0 193 0 15.8 13.9 2.5 2.5 2 0 1 0 0
4269.6 -6012.9 -1.1 193 0 16.2 13.9 5.0 2.5 2 0 2 0 0
-1747.8 -8228.0 -14.3 271 0 15.3 21.7 17.5 3.5 2 1 5 3 3
