5210.8 -4329.6 -6.8 296 0 13.5 120.8 17.5 0.0 0 1 5 1 1
5493.7 5995.4 -7.2 359 0 35.3 25.0 7.5 0.0 0 0 3 1 1
4132.4 4680.7 -7.3 90 0 26.2 68.9 10.0 0.0 0 1 4 1 1
4370.2 432.2 0.6 175 0 40.4 61.9 14.0 0.0 0 1 4 4 4
4189.5 345.9 3.3 218 0 60.9 55.1 14.0 0.0 0 0 4 2 2
4540.0 -1690.4 -1.4 179 0 26.2 48.5 14.0 0.0 0 1 4 4 4
1638.9 -2968.9 2.5 292 0 38.4 32.0 10.0 0.0 0 0 4 4 4
4593.6 240.7 -1.9 179 0 20.5 10.1 10.5 0.0 0 0 3 2 2
4602.8 212.1 -1.9 178 0 15.9 9.4 10.5 3.5 2 0 3 1 1
4612.0 185.8 -2.2 90 0 18.1 16.7 10.5 3.5 2 0 3 2 2
4640.2 201.9 -3.7 92 0 35.7 16.0 10.5 3.5 4 0 3 3 3
4639.0 272.2 -4.0 271 0 17.7 20.5 10.5 3.5 2 1 3 2 2
4584.7 257.9 -1.6 0 0 11.1 24.2 14.0 3.5 2 1 4 5 5
4583.5 216.6 -0.9 0 0 22.9 23.0 14.0 3.5 2 1 4 2 2
4534.3 192.4 0.2 180 0 23.4 22.2 14.0 3.5 2 0 4 0 0
4583.6 282.2 -2.2 0 0 11.7 23.4 14.0 3.5 2 1 4 3 3
4634.5 -1770.2 -1.6 179 0 18.4 32.8 14.0 0.0 0 1 4 0 0
6403.5 -297.2 -0.4 129 0 21.4 13.0 10.5 3.5 2 0 3 1 1
5659.0 56.9 -1.6 110 0 8.7 15.7 10.5 3.5 2 0 3 1 1
5600.3 -33.5 -3.6 291 0 8.5 15.3 10.5 3.5 2 0 3 5 5
5672.9 -68.2 -5.7 20 0 8.6 14.8 10.5 3.5 2 0 3 5 5
5652.9 -15.3 -4.0 200 0 8.6 14.8 10.5 3.5 2 0 3 5 5
5698.8 4.5 -4.5 20 0 8.6 14.8 10.5 3.5 2 0 3 3 3
5632.8 -71.8 -5.0 200 0 8.6 14.8 10.5 3.5 2 0 3 4 4
5699.9 41.9 -3.6 110 0 8.7 15.7 10.5 3.5 2 0 3 2 2
5687.3 -27.8 -5.0 20 0 8.6 14.8 10.5 3.5 2 0 3 0 0
5584.5 -27.5 -4.2 291 0 8.5 15.3 10.5 3.5 2 0 3 3 3
5647.2 -31.4 -4.3 200 0 8.6 14.8 10.5 3.5 2 0 3 0 0
5687.4 84.9 -2.1 290 0 8.7 15.7 10.5 3.5 2 0 3 2 2
5675.8 -60.1 -5.5 20 0 8.6 14.8 10.5 3.5 2 0 3 4 4
5714.8 44.8 -4.0 20 0 15.7 8.7 10.5 3.5 2 0 3 0 0
5616.1 -39.5 -3.2 291 0 8.5 15.3 10.5 3.5 2 0 3 3 3
5678.6 34.8 -3.3 290 0 14.8 8.6 10.5 3.5 2 0 3 2 2
5545.0 -12.4 -4.5 291 0 8.5 15.3 10.5 3.5 2 0 3 5 5
5693.0 -11.6 -4.8 20 0 8.6 14.8 10.5 3.5 2 0 3 5 5
5654.6 97.0 -0.6 290 0 8.7 15.7 10.5 3.5 2 0 3 5 5
5633.0 74.8 -1.1 200 0 15.7 8.7 10.5 3.5 2 0 3 2 2
5655.9 -94.0 -6.1 110 0 14.8 8.6 10.5 3.5 2 0 3 4 4
5646.5 100.0 -0.7 290 0 8.7 15.7 10.5 3.5 2 0 3 3 3
5675.3 50.9 -2.4 110 0 8.7 15.7 10.5 3.5 2 0 3 5 5
5571.7 -61.6 -4.8 111 0 8.5 15.3 10.5 3.5 2 0 3 2 2
5703.7 78.9 -2.9 290 0 8.7 15.7 10.5 3.5 2 0 3 0 0
5683.5 47.9 -2.8 110 0 8.7 15.7 10.5 3.5 2 0 3 5 5
5681.5 -43.9 -5.3 20 0 8.6 14.8 10.5 3.5 2 0 3 1 1
5638.6 -55.7 -4.7 200 0 8.6 14.8 10.5 3.5 2 0 3 3 3
5537.1 -9.4 -4.4 291 0 8.5 15.3 10.5 3.5 2 0 3 0 0
5617.9 -70.9 -3.8 21 0 15.3 8.5 10.5 3.5 2 0 3 4 4
5662.8 94.0 -0.9 290 0 8.7 15.7 10.5 3.5 2 0 3 4 4
5603.4 -73.6 -3.7 111 0 8.5 15.3 10.5 3.5 2 0 3 2 2
5650.8 59.9 -1.3 110 0 8.7 15.7 10.5 3.5 2 0 3 4 4
5563.8 -58.5 -5.1 111 0 8.5 15.3 10.5 3.5 2 0 3 1 1
5691.7 44.9 -3.2 110 0 8.7 15.7 10.5 3.5 2 0 3 5 5
5568.7 -21.4 -4.8 291 0 8.5 15.3 10.5 3.5 2 0 3 0 0
5560.8 -18.4 -4.8 291 0 8.5 15.3 10.5 3.5 2 0 3 5 5
5644.3 -39.5 -4.4 200 0 8.6 14.8 10.5 3.5 2 0 3 3 3
5595.5 -70.6 -3.8 111 0 8.5 15.3 10.5 3.5 2 0 3 5 5
5583.3 -140.7 -5.1 200 0 7.8 13.6 10.5 3.5 2 0 3 2 2
5544.5 -138.1 -6.2 199 0 6.4 11.0 10.5 3.5 2 0 3 5 5
5562.8 -83.7 -5.3 199 0 6.4 11.0 10.5 3.5 2 0 3 3 3
5585.9 -133.3 -5.0 200 0 7.8 13.6 10.5 3.5 2 0 3 0 0
5618.4 -137.6 -5.7 20 0 7.8 13.6 10.5 3.5 2 0 3 1 1
5586.5 -92.9 -4.6 19 0 6.4 11.0 10.5 3.5 2 0 3 0 0
5559.9 -154.7 -6.2 109 0 11.0 6.4 10.5 3.5 2 0 3 0 0
5600.1 -168.6 -6.2 110 0 13.6 7.9 10.5 3.5 2 0 3 2 2
5576.3 -123.2 -5.4 19 0 6.4 11.0 10.5 3.5 2 0 3 3 3
5588.5 -125.9 -4.8 200 0 7.8 13.6 10.5 3.5 2 0 3 0 0
5578.4 -117.1 -5.3 19 0 6.4 11.0 10.5 3.5 2 0 3 0 0
5591.2 -118.5 -4.7 200 0 7.8 13.6 10.5 3.5 2 0 3 1 1
5546.5 -132.1 -6.0 199 0 6.4 11.0 10.5 3.5 2 0 3 4 4
5556.7 -101.8 -5.7 199 0 6.4 11.0 10.5 3.5 2 0 3 1 1
5558.7 -95.8 -5.6 199 0 6.4 11.0 10.5 3.5 2 0 3 3 3
5580.7 -148.1 -5.2 200 0 7.8 13.6 10.5 3.5 2 0 3 3 3
5613.1 -152.4 -5.9 20 0 7.8 13.6 10.5 3.5 2 0 3 2 2
5593.8 -111.1 -4.6 200 0 7.8 13.6 10.5 3.5 2 0 3 5 5
5626.3 -115.4 -5.3 20 0 7.8 13.6 10.5 3.5 2 0 3 5 5
5546.6 -149.0 -6.2 109 0 11.0 6.4 10.5 3.5 2 0 3 5 5
5550.6 -120.0 -5.8 199 0 6.4 11.0 10.5 3.5 2 0 3 4 4
5475.5 540.8 0.4 128 0 10.0 16.0 14.0 3.5 2 0 4 3 3
5506.6 564.6 0.2 308 0 10.0 16.0 14.0 3.5 2 0 4 4 4
5467.4 595.3 1.2 308 0 10.0 16.0 14.0 3.5 2 0 4 5 5
5467.7 546.9 0.6 128 0 10.0 16.0 14.0 3.5 2 0 4 5 5
5428.4 577.6 0.8 128 0 10.0 16.0 14.0 3.5 2 0 4 1 1
5420.6 583.7 0.7 128 0 10.0 16.0 10.5 3.5 2 0 3 3 3
5459.6 601.4 1.1 308 0 10.0 16.0 14.0 3.5 2 0 4 5 5
5411.5 628.9 0.7 218 0 16.0 10.0 10.5 3.5 2 0 3 0 0
5459.8 553.0 1.0 128 0 10.0 16.0 10.5 3.5 2 0 3 3 3
5531.4 507.2 -0.7 38 0 16.0 10.0 10.5 3.5 2 0 3 4 4
5490.9 576.8 0.5 308 0 10.0 16.0 14.0 3.5 2 0 4 3 3
5412.7 589.9 0.6 128 0 10.0 16.0 14.0 3.5 2 0 4 2 2
5544.9 524.5 -0.7 38 0 16.0 10.0 10.5 3.5 2 0 3 0 0
5491.2 528.5 0.0 128 0 10.0 16.0 14.0 3.5 2 0 4 5 5
5444.1 565.3 1.0 128 0 10.0 16.0 14.0 3.5 2 0 4 2 2
5514.7 510.1 -0.5 128 0 10.0 16.0 14.0 3.5 2 0 4 1 1
5477.4 655.8 1.6 308 0 10.0 16.0 5.0 2.5 2 0 2 3 3
5516.7 625.1 0.6 308 0 10.0 16.0 7.5 2.5 2 0 3 3 3
5453.9 626.3 1.4 128 0 10.0 16.0 7.5 2.5 2 0 3 1 1
5508.8 631.2 0.8 308 0 10.0 16.0 2.5 2.5 2 0 1 2 2
5469.6 661.9 1.6 308 0 10.0 16.0 2.5 2.5 2 0 1 0 0
5430.3 644.7 1.1 128 0 10.0 16.0 10.0 2.5 2 0 4 5 5
5485.2 601.7 0.9 128 0 10.0 16.0 7.5 2.5 2 0 3 2 2
5477.4 607.9 1.0 128 0 10.0 16.0 5.0 2.5 2 0 2 4 4
5564.7 549.7 -0.7 38 0 16.0 10.0 5.0 2.5 2 0 2 5 5
5578.5 566.6 -0.7 38 0 16.0 10.0 5.0 2.5 2 0 2 2 2
5516.6 577.2 0.2 128 0 10.0 16.0 5.0 2.5 2 0 2 0 0
5571.6 582.1 -0.6 308 0 10.0 16.0 2.5 2.5 2 0 1 3 3
5469.6 614.0 1.4 128 0 10.0 16.0 7.5 2.5 2 0 3 2 2
5548.0 552.6 -0.5 128 0 10.0 16.0 5.0 2.5 2 0 2 1 1
5446.0 632.4 1.3 128 0 10.0 16.0 7.5 2.5 2 0 3 0 0
5540.2 558.8 -0.3 128 0 10.0 16.0 5.0 2.5 2 0 2 3 3
5563.7 588.2 -0.4 308 0 10.0 16.0 5.0 2.5 2 0 2 0 0
5500.9 589.5 0.5 128 0 10.0 16.0 5.0 2.5 2 0 2 5 5
5493.1 643.5 1.2 308 0 10.0 16.0 7.5 2.5 2 0 3 1 1
5461.7 620.2 1.5 128 0 10.0 16.0 5.0 2.5 2 0 2 5 5
5675.1 651.2 -1.3 309 0 10.0 16.2 7.5 2.5 2 0 3 5 5
5724.3 679.9 -1.8 309 0 10.0 16.2 2.5 2.5 2 0 1 4 4
5722.0 564.9 -2.9 129 0 10.0 16.2 2.5 2.5 2 0 1 0 0
5669.3 674.9 -1.0 129 0 10.0 16.2 5.0 2.5 2 0 2 0 0
5637.1 739.0 -0.0 219 0 16.3 10.0 2.5 2.5 2 0 1 2 2
5745.5 595.1 -2.9 309 0 10.0 16.2 7.5 2.5 2 0 3 1 1
5708.4 643.7 -1.9 129 0 10.0 16.2 7.5 2.5 2 0 3 1 1
5682.9 596.1 -2.0 129 0 10.0 16.2 10.0 2.5 2 0 4 4 4
5630.2 706.0 -0.2 129 0 10.0 16.2 5.0 2.5 2 0 2 1 1
5785.7 620.5 -3.1 39 0 16.2 10.0 7.5 2.5 2 0 3 0 0
5643.8 676.2 -0.7 309 0 10.0 16.2 5.0 2.5 2 0 2 4 4
5693.0 704.9 -1.1 309 0 10.0 16.2 7.5 2.5 2 0 3 1 1
5638.0 699.8 -0.3 129 0 10.0 16.2 2.5 2.5 2 0 1 4 4
5612.5 652.2 -0.5 129 0 10.0 16.2 7.5 2.5 2 0 3 1 1
5677.1 668.6 -1.2 129 0 10.0 16.2 5.0 2.5 2 0 2 1 1
5659.4 614.8 -1.5 129 0 10.0 16.2 7.5 2.5 2 0 3 2 2
5603.5 697.8 0.0 219 0 16.3 10.0 7.5 2.5 2 0 3 1 1
5700.8 698.6 -1.2 309 0 10.0 16.2 5.0 2.5 2 0 2 4 4
5698.5 583.6 -2.4 129 0 10.0 16.2 5.0 2.5 2 0 2 0 0
5722.0 613.8 -2.4 309 0 10.0 16.2 5.0 2.5 2 0 2 2 2
5771.2 642.5 -2.8 309 0 10.0 16.2 7.5 2.5 2 0 3 1 1
5716.3 637.4 -2.1 129 0 10.0 16.2 5.0 2.5 2 0 2 1 1
5729.8 607.6 -2.6 309 0 10.0 16.2 5.0 2.5 2 0 2 4 4
5739.9 667.4 -2.1 309 0 10.0 16.2 2.5 2.5 2 0 1 2 2
5596.8 664.6 -0.1 129 0 10.0 16.2 7.5 2.5 2 0 3 1 1
5620.3 694.9 -0.1 309 0 10.0 16.2 7.5 2.5 2 0 3 0 0
5635.9 633.5 -1.0 129 0 10.0 16.2 7.5 2.5 2 0 3 5 5
5731.9 625.0 -2.4 129 0 10.0 16.2 7.5 2.5 2 0 3 0 0
5659.4 663.7 -1.0 309 0 10.0 16.2 2.5 2.5 2 0 1 1 1
5706.3 577.3 -2.5 129 0 10.0 16.2 7.5 2.5 2 0 3 0 0
5653.7 687.3 -0.7 129 0 10.0 16.2 5.0 2.5 2 0 2 2 2
5755.6 655.0 -2.5 309 0 10.0 16.2 5.0 2.5 2 0 2 1 1
5700.6 649.9 -1.7 129 0 10.0 16.2 10.0 2.5 2 0 4 4 4
5628.1 688.6 -0.3 309 0 10.0 16.2 7.5 2.5 2 0 3 2 2
5677.3 717.3 -0.7 309 0 10.0 16.2 5.0 2.5 2 0 2 0 0
5739.7 618.7 -2.6 129 0 10.0 16.2 2.5 2.5 2 0 1 1 1
5635.9 682.4 -0.5 309 0 10.0 16.2 5.0 2.5 2 0 2 2 2
5716.5 686.1 -1.6 309 0 10.0 16.2 7.5 2.5 2 0 3 0 0
5714.2 571.1 -2.7 129 0 10.0 16.2 2.5 2.5 2 0 1 1 1
-3292.3 -11594.0 -10.0 91 0 11.5 12.5 7.5 2.5 2 1 3 5 5
-3333.5 -11551.9 -9.9 269 0 9.6 22.8 2.5 2.5 2 1 1 3 3
-2812.2 -11460.2 -12.4 271 0 15.6 11.7 5.0 2.5 2 0 2 4 4
5942.9 -3383.0 -5.2 97 0 12.7 20.0 14.0 3.5 2 1 4 0 0
4875.4 -2550.7 -1.7 201 0 46.6 26.9 17.5 0.0 0 0 5 5 5
4487.0 -1777.9 -1.0 359 0 13.6 20.6 14.0 3.5 2 1 4 0 0
6013.3 -1840.1 -0.2 128 0 89.9 181.6 14.0 0.0 0 1 4 3 3
4912.5 -1318.5 -1.4 91 0 36.0 20.0 10.5 0.0 0 0 3 3 3
4403.2 -3391.1 -2.7 18 0 31.7 28.3 3.5 0.0 0 0 1 2 2
4377.1 -3345.0 -0.8 199 0 9.5 19.4 10.5 3.5 2 0 3 4 4
5603.5 -4633.3 -5.7 102 0 13.8 31.4 10.0 2.5 2 1 4 4 4
5881.6 -4130.6 -1.1 79 0 11.2 28.1 17.5 3.5 2 0 5 0 0
5311.6 -4683.8 -8.6 25 0 90.3 122.0 17.5 0.0 0 1 5 3 3
6055.5 -4306.5 -3.0 11 1 14.9 15.6 17.5 0.0 0 1 5 4 4
6110.0 -4507.1 -4.1 101 0 22.2 14.7 14.0 3.5 2 0 4 1 1
5185.7 924.2 -1.4 40 0 27.2 16.5 10.0 2.5 2 0 4 4 4
4119.6 -4110.1 -1.1 273 0 7.3 19.8 10.5 3.5 2 1 3 0 0
4730.7 -2895.0 0.1 274 0 26.5 36.7 14.0 0.0 0 1 4 5 5
6369.9 -1855.8 -1.7 41 0 22.3 75.3 12.5 0.0 0 1 5 5 5
4362.0 -3506.8 -2.4 97 0 20.6 12.6 17.5 3.5 2 0 5 4 4
2766.6 -5647.8 -5.2 47 0 7.6 14.8 5.0 2.5 2 1 2 2 2
4435.8 -2406.9 0.8 2 0 14.5 15.5 14.0 3.5 2 1 4 3 3
4615.4 -2217.9 -0.5 183 0 9.5 22.2 10.5 3.5 2 1 3 5 5
5139.1 -2026.8 0.0 30 0 13.4 12.7 14.0 3.5 4 0 4 0 0
4886.8 -1562.7 -0.4 333 0 18.3 8.6 10.5 3.5 4 0 3 0 0
4577.7 -2178.3 -0.0 1 0 10.1 22.6 14.0 0.0 0 1 4 3 3
4621.0 -4137.9 -6.1 99 0 24.5 20.2 17.5 3.5 2 0 5 3 3
