-6659.5 -4590.5 0.3 270 0 10.0 45.4 10.0 2.5 2 1 4 3 3
-6695.7 -4654.3 0.1 90 0 45.6 12.7 7.5 2.5 2 0 3 1 1
-5902.8 -2974.2 14.6 91 0 78.1 14.0 7.5 0.0 0 0 3 4 4
1153.3 5016.0 -28.2 91 0 13.9 32.3 7.5 2.5 2 1 3 3 3
-2645.7 9327.7 -30.7 90 0 9.4 24.2 5.0 2.5 2 1 2 1 1
-2452.4 8576.2 -19.9 93 0 31.2 24.0 10.0 0.0 0 0 4 0 0
-2370.5 8380.8 -18.6 91 0 12.5 18.5 10.0 2.5 2 1 4 1 1
-2256.1 8393.6 -21.6 270 0 14.2 5.4 7.5 2.5 2 0 3 0 0
-2232.7 8274.1 -20.4 181 0 9.1 5.1 2.5 2.5 2 0 1 4 4
-2213.4 9437.2 -30.4 29 0 8.7 26.0 7.5 2.5 2 1 3 2 2
-2135.9 9426.9 -30.5 93 0 9.9 9.5 7.5 2.5 2 0 3 2 2
-1982.9 9451.7 -32.3 89 0 10.0 40.4 12.5 2.5 2 1 5 0 0
-2148.1 8270.7 -22.7 1 0 32.4 50.4 10.0 0.0 0 1 4 4 4
-1670.7 10225.7 -30.4 90 0 4.9 23.9 5.0 2.5 2 1 2 3 3
-1655.4 10145.7 -30.0 270 0 30.8 47.0 15.0 0.0 0 1 6 3 3
-2524.4 9396.9 -32.8 358 0 45.5 10.5 10.0 2.5 2 0 4 3 3
-2238.1 8392.9 -22.1 272 0 14.0 5.6 2.5 2.5 2 0 1 2 2
-2347.2 9449.2 -30.1 359 0 4.1 8.7 5.0 2.5 2 1 2 2 2
-2207.5 8240.7 -20.6 91 0 12.6 10.2 7.5 2.5 2 0 3 0 0
-2239.0 9357.0 -31.6 182 0 7.7 7.4 7.5 2.5 2 0 3 2 2
-2073.2 9453.9 -29.8 0 0 11.3 11.3 10.0 2.5 2 0 4 3 3
-2006.7 9452.4 -32.4 89 0 9.1 39.2 7.5 2.5 2 1 3 1 1
-1624.4 10132.5 -30.5 1 0 56.1 8.7 7.5 2.5 4 0 3 0 0
-2125.4 9686.4 -20.5 6 0 9.1 13.6 7.5 0.0 0 1 3 1 1
-2070.2 9562.5 -18.8 187 0 11.1 19.4 2.5 2.5 2 1 1 3 3
5167.7 11679.6 -44.5 269 0 14.1 103.9 10.0 2.5 2 1 4 5 5
-2027.5 9533.3 -23.1 270 0 7.9 7.1 7.5 0.0 0 0 3 1 1
5196.1 11678.5 -41.8 269 0 12.3 55.5 15.0 2.5 2 1 6 3 3
-2041.8 9600.8 -18.8 1 0 5.8 5.3 7.5 2.5 2 0 3 4 4
5215.2 11680.0 -41.6 269 0 12.9 66.4 10.0 2.5 2 1 4 5 5
241.5 10996.8 -31.0 221 0 8.9 10.4 2.5 0.0 0 1 1 1 1
377.3 10945.7 -33.4 35 0 18.4 14.6 10.0 0.0 0 0 4 5 5
124.2 10728.5 -30.8 87 0 18.9 11.5 7.5 2.5 4 0 3 2 2
154.7 10787.7 -30.8 2 0 7.1 8.9 7.5 2.5 2 1 3 3 3
96.6 10874.7 -29.8 182 0 22.7 11.4 7.5 0.0 0 0 3 1 1
145.0 10839.7 -30.4 2 0 10.0 10.4 7.5 2.5 2 1 3 1 1
187.0 11115.7 -29.6 0 0 7.2 9.5 5.0 2.5 2 1 2 0 0
102.3 10699.3 -30.0 228 0 18.8 15.7 7.5 2.5 2 0 3 1 1
237.1 10751.2 -32.2 272 0 14.1 13.5 5.0 2.5 2 0 2 3 3
135.8 11129.1 -30.0 272 0 3.7 15.6 7.5 2.5 4 1 3 2 2
209.6 10794.6 -31.6 278 0 14.3 13.4 5.0 2.5 2 0 2 3 3
145.7 10879.3 -30.2 2 0 15.5 14.5 10.0 2.5 4 0 4 3 3
214.3 11118.2 -29.9 180 0 9.7 31.9 7.5 2.5 4 1 3 3 3
371.6 11068.7 -31.2 92 0 7.8 9.0 2.5 2.5 2 1 1 5 5
285.8 11075.6 -30.7 93 0 9.3 14.2 2.5 2.5 2 1 1 3 3
177.2 10786.9 -31.1 2 0 6.0 8.3 5.0 2.5 2 0 2 2 2
225.7 11160.2 -30.1 183 0 10.6 10.0 5.0 2.5 2 0 2 1 1
96.9 10855.8 -29.9 182 0 14.0 11.8 5.0 2.5 2 0 2 3 3
179.8 10890.2 -30.7 202 0 5.3 14.9 2.5 2.5 2 1 1 1 1
143.3 11010.4 -29.3 2 0 3.6 9.9 7.5 2.5 4 1 3 3 3
198.3 11129.7 -29.8 179 0 9.3 19.3 2.5 2.5 4 1 1 0 0
191.4 10916.5 -30.5 112 0 6.3 10.0 7.5 2.5 2 1 3 1 1
211.0 11213.9 -29.7 183 0 6.5 18.2 7.5 0.0 0 1 3 1 1
94.3 10725.7 -30.5 182 0 11.7 13.4 2.5 2.5 2 1 1 5 5
134.8 10904.7 -29.9 360 0 25.3 9.3 7.5 2.5 2 0 3 0 0
171.1 10869.4 -30.5 2 0 14.5 7.3 7.5 2.5 2 0 3 2 2
273.6 11015.1 -31.4 127 0 12.0 11.5 5.0 0.0 0 0 2 2 2
346.1 10969.8 -32.9 127 0 12.8 5.3 5.0 0.0 0 0 2 0 0
242.2 11224.9 -30.1 273 0 11.6 23.4 7.5 2.5 2 1 3 2 2
148.0 10750.8 -30.9 92 0 6.6 16.3 2.5 2.5 2 1 1 3 3
312.5 10942.8 -32.9 210 0 18.1 27.5 10.0 2.5 2 1 4 3 3
245.5 11520.9 -30.5 0 0 18.8 15.6 7.5 2.5 2 0 3 5 5
240.4 11092.9 -30.0 93 0 8.1 16.9 5.0 2.5 4 1 2 3 3
353.2 10995.5 -32.7 316 0 7.6 18.6 2.5 2.5 2 1 1 0 0
197.4 11215.2 -29.5 183 0 10.8 3.1 7.5 2.5 2 0 3 4 4
213.8 10831.0 -31.2 32 0 19.2 12.4 7.5 2.5 2 0 3 2 2
107.9 11012.5 -30.1 182 0 6.4 15.8 5.0 2.5 2 1 2 2 2
235.3 11447.2 -30.2 269 0 16.2 16.4 10.0 2.5 4 1 4 4 4
288.4 11040.8 -31.6 185 0 14.9 13.7 10.0 2.5 2 0 4 4 4
239.4 10911.5 -31.1 296 0 9.9 4.1 5.0 2.5 2 0 2 3 3
179.4 10747.7 -31.5 272 0 11.4 24.2 10.0 2.5 2 1 4 0 0
259.7 11058.5 -30.9 91 0 30.9 9.0 7.5 2.5 2 0 3 3 3
338.7 10972.7 -32.6 44 0 9.9 9.0 5.0 2.5 2 0 2 0 0
185.9 11123.2 -29.3 357 0 5.5 13.1 5.0 0.0 0 1 2 2 2
375.8 10806.3 -34.7 316 0 14.8 21.2 12.5 2.5 2 1 5 2 2
204.8 11224.7 -29.5 183 0 8.1 7.1 5.0 2.5 2 0 2 1 1
113.7 10991.1 -29.6 92 0 15.7 14.4 2.5 2.5 2 0 1 2 2
158.1 10855.5 -30.5 2 0 10.5 10.7 2.5 2.5 2 1 1 4 4
430.6 10986.6 -33.7 217 0 4.5 9.5 5.0 0.0 0 1 2 1 1
250.6 10912.1 -31.2 303 0 6.2 9.6 7.5 2.5 2 1 3 0 0
152.1 10777.4 -30.8 2 0 8.2 7.3 7.5 2.5 2 0 3 0 0
121.6 10721.5 -30.7 55 0 10.1 4.0 5.0 2.5 2 0 2 1 1
223.9 10790.1 -31.7 277 0 9.7 13.3 7.5 2.5 2 1 3 5 5
133.1 10973.7 -29.7 273 0 8.3 29.1 5.0 2.5 2 1 2 5 5
170.2 10853.0 -30.6 2 0 10.0 11.5 7.5 2.5 2 1 3 4 4
369.8 11081.4 -31.2 88 0 11.5 36.2 5.0 2.5 2 1 2 2 2
255.0 11074.8 -30.6 133 0 9.3 10.9 2.5 2.5 2 1 1 0 0
199.8 11162.1 -29.9 182 0 11.6 25.4 7.5 2.5 2 1 3 0 0
130.9 10943.7 -29.8 270 0 8.8 25.0 7.5 2.5 2 1 3 4 4
371.2 11053.4 -31.9 272 0 11.7 12.4 5.0 2.5 4 1 2 1 1
180.1 10881.3 -30.7 203 0 6.9 15.2 2.5 2.5 2 1 1 5 5
246.0 10729.6 -32.2 2 0 8.7 51.2 7.5 0.0 0 1 3 4 4
223.7 11173.6 -30.0 182 0 10.9 11.3 2.5 2.5 2 1 1 2 2
197.2 11201.2 -29.5 183 0 12.0 19.1 10.0 2.5 2 1 4 0 0
167.6 10794.0 -30.9 2 0 15.2 9.9 7.5 2.5 2 0 3 3 3
351.7 10931.8 -33.2 125 0 6.4 12.0 5.0 2.5 2 1 2 3 3
223.7 11184.5 -30.2 180 0 9.0 22.3 5.0 2.5 2 1 2 2 2
216.0 10865.6 -31.1 33 0 9.4 8.4 5.0 2.5 2 0 2 4 4
257.2 10793.5 -32.4 220 0 10.2 27.1 10.0 2.5 2 1 4 3 3
95.7 10897.7 -29.6 182 0 9.1 13.5 7.5 2.5 2 1 3 2 2
300.1 10999.1 -31.8 40 0 11.6 24.1 10.0 0.0 0 1 4 4 4
188.6 10757.1 -31.4 92 0 10.1 26.0 10.0 2.5 2 1 4 2 2
105.8 11118.7 -31.9 272 0 14.4 19.6 10.0 2.5 2 1 4 2 2
221.3 11058.6 -30.5 93 0 42.3 6.5 7.5 2.5 2 0 3 2 2
198.4 11431.7 -30.3 180 0 8.5 23.7 2.5 2.5 2 1 1 0 0
352.8 11043.0 -32.1 182 0 18.5 11.8 7.5 2.5 2 0 3 4 4
196.9 11139.3 -29.7 178 0 7.9 19.3 5.0 2.5 2 1 2 4 4
144.5 11147.8 -29.6 182 0 22.6 14.5 15.0 0.0 0 0 6 0 0
233.8 10789.0 -31.9 277 0 8.9 13.9 5.0 0.0 0 1 2 3 3
202.2 10805.8 -31.3 116 0 11.2 16.4 5.0 2.5 2 1 2 3 3
342.8 11065.4 -31.2 2 0 10.2 35.3 7.5 2.5 4 1 3 3 3
241.0 10697.6 -32.2 2 0 19.6 46.3 10.0 2.5 2 1 4 4 4
76.3 10964.4 -30.0 182 0 9.9 10.4 7.5 2.5 2 1 3 0 0
244.5 10718.0 -32.3 2 0 14.3 49.9 12.5 2.5 2 1 5 5 5
136.4 10981.3 -29.6 92 0 16.4 10.1 7.5 2.5 2 0 3 4 4
2396.1 11323.0 -41.0 291 0 8.9 16.4 5.0 2.5 2 1 2 5 5
2183.4 11333.4 -38.2 181 0 6.1 11.7 7.5 2.5 2 1 3 5 5
2405.9 11186.1 -36.8 215 0 5.9 5.1 5.0 2.5 2 0 2 4 4
2773.1 10884.4 -36.1 176 0 18.4 27.6 10.0 2.5 2 1 4 4 4
2411.8 11237.5 -38.9 121 0 13.5 15.4 5.0 2.5 2 1 2 0 0
2391.3 11175.8 -36.3 211 0 8.0 5.9 7.5 2.5 2 0 3 1 1
2439.0 11149.7 -36.2 34 0 17.3 11.7 5.0 2.5 2 0 2 3 3
2380.5 11250.2 -38.6 31 0 5.6 7.4 5.0 2.5 2 1 2 2 2
2376.1 11191.5 -36.9 122 0 7.7 10.7 7.5 0.0 0 1 3 5 5
2418.0 11183.6 -36.7 306 0 5.1 7.9 2.5 2.5 2 1 1 5 5
2307.3 10993.2 -34.3 36 0 8.5 7.4 5.0 2.5 4 0 2 3 3
2300.0 11151.7 -33.3 132 0 6.7 8.3 7.5 0.0 0 1 3 5 5
2339.4 11285.7 -39.6 114 0 8.9 10.4 2.5 2.5 2 1 1 5 5
1975.6 11207.1 -32.7 88 0 30.6 8.7 7.5 2.5 4 0 3 5 5
2440.4 11224.3 -38.7 113 0 19.2 13.6 7.5 2.5 2 0 3 2 2
2760.4 10765.0 -37.4 179 0 73.8 44.0 10.0 0.0 0 0 4 1 1
2347.9 11257.8 -38.6 28 0 10.9 4.6 5.0 2.5 4 0 2 1 1
2279.6 11282.6 -37.9 302 0 6.8 9.8 2.5 2.5 2 1 1 1 1
2403.1 11167.2 -36.1 215 0 7.6 5.8 2.5 2.5 2 0 1 0 0
2347.5 11110.5 -32.4 316 0 5.3 16.0 7.5 2.5 2 1 3 4 4
2350.5 11198.9 -36.1 302 0 13.7 19.2 7.5 2.5 2 1 3 3 3
2415.7 11230.3 -38.2 304 0 8.6 15.8 5.0 2.5 2 1 2 2 2
2773.7 10854.4 -35.6 178 0 30.1 23.5 7.5 0.0 0 0 3 3 3
2416.5 11205.3 -37.4 305 0 6.1 6.0 2.5 2.5 4 0 1 1 1
2380.4 11181.4 -36.1 300 0 7.1 7.9 2.5 2.5 2 1 1 0 0
1999.7 11253.1 -32.6 359 0 59.5 55.3 12.5 0.0 0 0 5 0 0
2383.9 11184.5 -36.6 122 0 8.9 6.4 5.0 2.5 2 0 2 2 2
2350.4 11245.6 -38.2 31 0 7.6 6.8 5.0 2.5 2 0 2 0 0
2358.1 11264.7 -38.9 26 0 7.5 9.2 7.5 2.5 2 1 3 1 1
2145.6 11125.9 -33.1 206 0 12.7 8.5 7.5 2.5 2 0 3 1 1
2344.0 11373.8 -42.6 105 0 10.4 12.7 7.5 2.5 2 1 3 3 3
2833.3 10866.7 -36.7 269 0 37.7 53.9 12.5 0.0 0 1 5 4 4
2238.3 11228.9 -35.0 140 0 6.5 4.8 2.5 2.5 2 0 1 1 1
2352.0 11131.1 -33.6 47 0 7.7 8.2 5.0 2.5 2 1 2 3 3
2282.9 11244.9 -36.7 216 0 13.2 11.8 7.5 2.5 2 0 3 1 1
2334.1 11267.9 -38.9 117 0 4.7 7.5 7.5 2.5 2 1 3 3 3
2363.7 11239.8 -38.0 291 0 6.0 15.3 5.0 2.5 2 1 2 4 4
2172.0 11047.6 -34.2 360 0 6.4 14.9 5.0 2.5 2 1 2 4 4
2318.6 11117.0 -32.2 135 0 8.6 4.9 7.5 0.0 0 0 3 2 2
2396.3 11183.7 -36.6 217 0 7.8 8.5 5.0 0.0 0 1 2 1 1
2362.6 11257.9 -38.9 124 0 4.5 10.4 5.0 0.0 0 1 2 0 0
2375.8 11353.5 -41.8 293 0 6.7 4.8 2.5 2.5 2 0 1 0 0
2475.8 11175.0 -37.1 32 0 6.8 9.1 2.5 2.5 2 1 1 1 1
2283.1 11253.0 -36.9 36 0 4.0 13.6 7.5 2.5 2 1 3 0 0
2370.7 11113.0 -33.0 313 0 14.8 13.7 7.5 2.5 2 0 3 2 2
2186.3 11299.8 -36.7 129 0 8.6 5.0 7.5 2.5 2 0 3 5 5
2262.1 10962.9 -35.0 189 0 11.0 11.0 7.5 2.5 2 1 3 3 3
2339.5 11231.3 -37.6 37 0 15.8 6.2 5.0 2.5 2 0 2 0 0
2325.2 11248.0 -37.7 213 0 6.8 8.3 5.0 2.5 2 1 2 1 1
2320.4 11176.3 -34.6 216 0 6.5 7.4 5.0 2.5 4 1 2 3 3
2387.6 11103.6 -33.4 131 0 9.4 8.9 2.5 2.5 2 0 1 1 1
2218.6 11178.2 -32.1 307 0 6.2 6.2 7.5 2.5 2 1 3 5 5
2303.2 11231.9 -36.4 294 0 12.8 6.1 7.5 2.5 2 0 3 3 3
2290.4 11264.3 -37.6 33 0 5.0 13.5 7.5 2.5 2 1 3 0 0
2178.3 11149.0 -32.6 213 0 16.2 9.7 2.5 2.5 2 0 1 0 0
2301.9 11400.8 -42.7 309 0 18.1 12.7 5.0 2.5 2 0 2 5 5
2359.2 11202.3 -36.6 31 0 6.6 6.9 5.0 2.5 4 1 2 3 3
2393.8 11241.6 -38.4 301 0 8.2 7.3 5.0 2.5 2 0 2 2 2
2271.3 11327.8 -40.6 127 0 6.9 19.8 7.5 2.5 2 1 3 4 4
2258.1 11292.1 -38.1 212 0 9.6 13.2 5.0 2.5 2 1 2 5 5
2300.7 11066.1 -33.5 30 0 44.5 20.8 10.0 2.5 2 0 4 2 2
2346.9 11276.1 -39.0 295 0 7.9 5.1 2.5 2.5 4 0 1 3 3
2461.5 11192.4 -37.4 303 0 5.1 9.0 2.5 2.5 2 1 1 2 2
2217.6 11238.9 -34.6 307 0 9.6 18.6 7.5 2.5 2 1 3 4 4
-3122.0 12194.4 -31.6 0 0 24.0 11.1 10.0 2.5 2 0 4 4 4
-3290.0 11789.8 -29.3 179 0 13.7 26.5 15.0 0.0 0 1 6 4 4
-3167.3 12188.3 -31.2 271 0 11.1 6.0 2.5 2.5 2 0 1 5 5
-3293.5 11799.4 -29.2 89 0 7.3 12.9 7.5 2.5 2 1 3 2 2
-2767.0 11393.1 -28.8 271 0 9.2 16.9 5.0 2.5 2 1 2 5 5
-3145.1 12264.4 -32.8 271 0 15.5 28.4 10.0 2.5 4 1 4 5 5
-3270.2 11905.3 -29.7 269 0 8.7 10.5 5.0 2.5 2 1 2 2 2
-3173.3 11999.1 -30.8 4 0 5.8 7.5 7.5 2.5 2 1 3 4 4
-1865.7 11516.2 -34.4 1 0 11.0 3.7 2.5 2.5 2 0 1 1 1
-1866.3 11441.9 -32.9 92 0 3.7 9.7 7.5 2.5 2 1 3 5 5
-1730.9 11488.7 -31.3 91 0 20.2 15.1 10.0 2.5 2 0 4 5 5
-3348.6 12128.6 -29.8 359 0 9.2 16.0 2.5 2.5 2 1 1 5 5
-3131.8 11987.4 -31.1 8 0 13.7 16.6 7.5 2.5 4 1 3 4 4
-2715.9 11377.3 -28.4 91 0 10.7 7.4 7.5 2.5 2 0 3 4 4
-3284.8 11915.9 -29.9 269 0 21.2 9.6 2.5 2.5 2 0 1 5 5
-1911.5 11471.1 -34.3 179 0 7.6 11.4 2.5 2.5 2 1 1 2 2
-2767.0 11399.6 -28.6 269 0 11.6 3.8 7.5 2.5 2 0 3 4 4
-3164.3 11942.0 -31.4 94 0 10.5 12.9 7.5 2.5 2 1 3 1 1
-3168.7 11965.0 -31.2 184 0 10.0 4.0 5.0 2.5 2 0 2 1 1
-2242.7 11372.8 -34.1 88 0 13.2 19.7 7.5 2.5 2 1 3 0 0
-2716.1 11395.6 -28.4 271 0 7.8 8.9 7.5 2.5 2 1 3 3 3
-3297.7 11815.8 -29.1 89 0 9.1 10.9 7.5 2.5 2 1 3 3 3
-3175.0 11970.7 -31.1 7 0 16.3 18.8 10.0 2.5 2 1 4 2 2
-3256.8 11831.9 -28.7 89 0 4.5 10.5 7.5 2.5 2 1 3 2 2
-3323.4 11851.7 -29.0 179 0 12.2 12.0 7.5 2.5 4 0 3 4 4
-1891.7 11485.8 -34.3 181 0 18.6 19.5 15.0 0.0 0 1 6 2 2
-3299.6 12093.6 -29.7 1 0 11.2 7.7 7.5 0.0 0 0 3 3 3
-3150.6 12166.3 -30.7 0 0 10.2 21.2 7.5 2.5 2 1 3 5 5
-2189.3 11459.6 -37.8 179 0 11.8 18.5 5.0 0.0 0 1 2 3 3
-3306.1 11814.7 -29.1 89 0 3.7 11.0 7.5 2.5 2 1 3 0 0
-2687.7 11410.4 -28.0 267 0 9.4 8.2 5.0 2.5 2 0 2 4 4
-3195.1 12259.7 -33.0 0 0 4.4 8.8 5.0 0.0 0 1 2 2 2
-3161.7 12179.7 -30.9 270 0 20.5 6.3 7.5 2.5 2 0 3 2 2
-2036.1 11366.9 -34.2 273 0 21.4 16.5 10.0 2.5 2 0 4 0 0
-3237.3 12013.3 -30.7 270 0 8.4 15.2 7.5 2.5 2 1 3 1 1
-2118.2 11556.7 -37.2 178 0 14.0 5.2 2.5 2.5 2 0 1 4 4
-3133.8 12194.1 -31.6 0 0 24.6 11.2 5.0 2.5 2 0 2 1 1
-3240.7 11811.2 -28.7 89 0 12.8 15.9 7.5 0.0 0 1 3 1 1
-3150.6 12156.1 -30.4 0 0 5.8 8.0 2.5 2.5 2 1 1 1 1
-1343.7 11215.2 -29.5 186 0 13.5 15.0 7.5 2.5 2 1 3 3 3
-2786.2 11398.3 -29.0 266 0 8.3 23.7 7.5 2.5 2 1 3 1 1
-3201.5 12253.9 -32.9 271 0 9.0 7.5 7.5 2.5 2 0 3 0 0
-1868.8 11418.2 -32.8 2 0 15.8 15.9 10.0 0.0 0 1 4 5 5
-3283.8 11820.8 -29.0 179 0 10.1 22.8 5.0 2.5 2 1 2 4 4
-2147.4 11364.8 -33.4 267 0 6.0 5.0 5.0 2.5 2 0 2 4 4
-3361.1 12095.9 -29.5 89 0 7.6 10.6 5.0 2.5 2 1 2 2 2
-2425.6 11337.8 -29.3 90 0 15.7 25.1 10.0 2.5 4 1 4 3 3
-2726.8 11375.7 -28.5 92 0 8.9 6.7 7.5 2.5 2 0 3 5 5
-3172.7 11903.5 -31.8 184 0 8.8 21.4 7.5 2.5 2 1 3 3 3
-3254.2 11807.9 -28.8 89 0 10.0 19.2 7.5 2.5 4 1 3 3 3
-1326.8 11391.2 -32.4 273 0 5.2 10.3 2.5 2.5 2 1 1 4 4
-3157.4 11988.1 -31.0 188 0 6.5 6.5 7.5 2.5 2 0 3 2 2
-3302.5 12081.2 -29.9 271 0 7.6 11.7 5.0 2.5 2 1 2 2 2
-2362.7 11338.0 -30.5 87 0 8.3 21.8 5.0 2.5 2 1 2 0 0
-3222.1 12081.2 -30.0 181 0 12.6 8.8 2.5 2.5 2 0 1 1 1
-2937.4 12245.2 -32.6 202 0 8.6 26.8 7.5 2.5 2 1 3 1 1
-3338.5 12036.3 -30.2 179 0 7.6 14.9 5.0 2.5 2 1 2 4 4
-1640.0 11681.6 -32.8 181 0 7.1 11.3 2.5 0.0 0 1 1 3 3
-2004.8 11352.5 -33.5 270 0 5.6 8.6 7.5 0.0 0 1 3 5 5
-3220.3 12027.3 -30.5 0 0 10.4 9.9 7.5 2.5 2 0 3 0 0
-3318.8 11813.9 -29.2 89 0 8.7 11.3 2.5 2.5 4 1 1 2 2
-1270.5 11181.2 -29.3 270 0 7.2 9.1 5.0 2.5 2 1 2 0 0
-3162.6 12126.0 -29.8 0 0 16.6 9.3 5.0 2.5 2 0 2 3 3
-1638.2 11708.1 -33.3 180 0 7.1 8.6 2.5 2.5 2 1 1 3 3
-1354.3 11238.4 -29.9 190 0 14.0 28.6 7.5 2.5 4 1 3 3 3
-3166.1 12007.6 -30.9 189 0 9.3 18.9 2.5 2.5 2 1 1 1 1
-2003.7 11361.2 -34.0 271 0 10.5 7.9 5.0 2.5 2 0 2 3 3
-1926.4 11672.9 -37.6 270 0 16.3 26.3 10.0 2.5 2 1 4 3 3
-3352.8 12064.8 -29.9 179 0 10.2 11.4 5.0 0.0 0 1 2 0 0
-2443.3 11388.2 -29.9 268 0 15.8 14.4 5.0 2.5 2 0 2 2 2
-1314.4 11232.8 -29.9 10 0 13.6 9.2 7.5 2.5 2 0 3 2 2
-2018.8 11327.3 -33.3 88 0 10.5 23.8 10.0 2.5 4 1 4 0 0
-1383.1 11383.2 -31.6 89 0 19.3 5.0 2.5 0.0 0 0 1 2 2
-2113.7 11534.5 -37.3 88 0 8.1 13.6 2.5 2.5 2 1 1 1 1
-1381.8 10948.0 -24.5 271 0 5.2 10.8 7.5 2.5 2 1 3 3 3
-2416.1 11384.0 -30.2 276 0 9.8 14.0 5.0 2.5 2 1 2 3 3
-3140.8 12010.3 -30.9 275 0 7.0 11.7 5.0 2.5 2 1 2 3 3
-1665.0 11762.5 -39.2 180 0 17.0 10.1 10.0 2.5 2 0 4 4 4
-2814.5 11322.0 -29.6 91 0 15.1 40.0 7.5 0.0 0 1 3 1 1
-1655.5 11822.9 -40.5 181 0 13.8 10.1 5.0 2.5 2 0 2 3 3
-3156.5 11996.4 -30.9 190 0 6.0 7.1 5.0 2.5 2 1 2 3 3
-3102.0 12008.3 -31.1 277 0 8.1 17.1 5.0 2.5 2 1 2 1 1
-1665.9 11805.4 -40.6 180 0 18.2 15.8 7.5 2.5 4 0 3 2 2
-3202.6 12025.5 -30.5 90 0 5.9 16.4 7.5 2.5 2 1 3 1 1
-2935.7 12172.8 -30.8 6 0 8.8 16.0 5.0 2.5 2 1 2 4 4
-1661.0 11781.1 -40.4 180 0 14.1 6.0 5.0 2.5 2 0 2 1 1
-3284.3 11883.8 -29.2 179 0 12.3 18.1 10.0 2.5 2 1 4 2 2
-3026.7 12259.3 -32.9 269 0 15.0 21.7 7.5 2.5 2 1 3 1 1
-3133.4 11950.3 -31.4 193 0 4.5 16.9 2.5 2.5 4 1 1 4 4
-1651.6 11743.3 -36.9 180 0 13.4 10.6 5.0 2.5 2 0 2 2 2
-1275.2 11160.6 -29.1 182 0 13.7 9.0 2.5 2.5 2 0 1 4 4
-1302.7 11077.0 -27.5 183 0 14.6 18.1 7.5 2.5 2 1 3 3 3
-3098.3 12169.5 -30.9 179 0 18.0 20.9 10.0 2.5 2 1 4 0 0
-1394.6 11428.9 -31.2 270 0 3.8 8.8 2.5 2.5 2 1 1 0 0
-1619.2 11732.0 -34.7 0 0 11.8 7.9 7.5 2.5 2 0 3 0 0
-2846.4 11407.8 -29.2 1 0 5.1 10.8 2.5 2.5 2 1 1 0 0
-1300.7 11143.2 -28.7 185 0 14.0 19.5 12.5 2.5 4 1 5 5 5
-2604.8 11348.3 -28.0 1 0 9.2 13.6 7.5 2.5 2 1 3 0 0
-3133.4 11939.8 -31.5 191 0 8.9 9.8 7.5 2.5 2 1 3 1 1
-3230.4 11911.8 -31.0 89 0 14.5 5.4 5.0 2.5 2 0 2 4 4
-2659.9 11345.3 -28.3 92 0 14.4 19.9 15.0 0.0 0 1 6 3 3
-1291.6 11161.0 -28.9 185 0 11.2 7.0 7.5 2.5 4 0 3 3 3
-3191.4 12054.8 -30.3 90 0 6.8 5.1 5.0 2.5 4 0 2 0 0
-3239.2 11910.7 -30.6 359 0 10.1 10.9 5.0 2.5 2 1 2 5 5
-1947.6 11637.2 -37.6 177 0 11.0 14.1 10.0 2.5 2 1 4 5 5
-3198.6 11887.0 -30.6 275 0 10.1 10.7 7.5 2.5 2 1 3 1 1
-1645.1 11691.2 -33.0 180 0 5.6 13.7 5.0 2.5 2 1 2 0 0
-1666.3 11821.0 -40.1 180 0 10.4 6.8 5.0 2.5 2 0 2 0 0
-1298.0 11254.4 -30.8 178 0 17.9 33.1 7.5 2.5 2 1 3 3 3
-2872.2 11398.6 -29.3 182 0 4.5 9.9 5.0 2.5 2 1 2 1 1
-1660.9 11847.0 -39.3 270 0 9.5 6.7 5.0 0.0 0 0 2 0 0
-1354.9 11391.4 -31.9 5 0 7.8 7.3 2.5 2.5 4 0 1 1 1
-1918.0 11623.6 -38.7 3 0 12.6 16.4 7.5 2.5 2 1 3 2 2
-2073.2 11300.8 -30.6 91 0 10.3 9.0 5.0 2.5 4 0 2 2 2
-2515.7 11356.0 -28.3 181 0 17.6 43.5 15.0 0.0 0 1 6 5 5
-3206.7 12216.0 -32.5 90 0 23.4 26.9 7.5 0.0 0 1 3 5 5
-3225.9 11929.9 -31.3 269 0 7.7 7.9 7.5 2.5 4 1 3 5 5
-3207.0 11854.1 -29.4 1 0 9.3 9.5 5.0 2.5 2 1 2 2 2
-3135.7 12053.1 -30.4 0 0 9.4 3.8 5.0 2.5 2 0 2 5 5
-3252.5 12166.5 -30.8 180 0 17.0 14.5 5.0 2.5 2 0 2 4 4
-3368.7 12260.5 -32.9 182 0 17.2 7.3 5.0 2.5 2 0 2 0 0
-3202.1 12050.7 -30.3 90 0 7.5 10.3 5.0 2.5 2 1 2 0 0
-1300.8 10987.4 -26.0 178 0 14.3 14.9 2.5 2.5 2 1 1 1 1
-3246.7 12100.8 -29.7 90 0 9.0 6.2 5.0 2.5 2 0 2 2 2
-2968.4 12174.7 -30.8 186 0 6.6 7.9 7.5 2.5 2 1 3 2 2
-3276.9 11942.1 -30.9 179 0 7.3 6.8 5.0 2.5 2 0 2 0 0
-1634.5 11754.7 -36.6 270 0 9.2 21.5 7.5 2.5 2 1 3 0 0
-3041.9 12243.1 -32.5 269 0 13.0 20.3 10.0 2.5 4 1 4 4 4
-3183.9 12039.9 -30.4 90 0 9.1 8.0 5.0 2.5 2 0 2 0 0
-1301.8 11099.4 -27.9 181 0 15.2 16.7 10.0 2.5 2 1 4 0 0
-2628.0 11396.1 -27.7 360 0 8.3 8.3 5.0 0.0 0 0 2 4 4
-3130.8 11960.9 -31.4 193 0 12.5 18.1 7.5 2.5 2 1 3 0 0
-2068.8 11310.9 -31.1 91 0 3.6 8.6 2.5 2.5 4 1 1 1 1
-3385.5 12258.3 -33.0 182 0 7.6 14.3 5.0 2.5 2 1 2 1 1
-2901.2 12230.7 -32.2 300 0 7.6 15.4 5.0 2.5 2 1 2 3 3
-1301.0 11007.3 -26.4 180 0 14.6 17.2 10.0 2.5 2 1 4 3 3
-3186.6 12215.6 -32.5 91 0 8.2 25.6 7.5 0.0 0 1 3 0 0
-3103.7 12197.4 -31.6 179 0 20.9 9.9 5.0 2.5 4 0 2 2 2
-3260.9 11936.1 -31.0 269 0 13.2 15.1 10.0 2.5 2 1 4 4 4
-2625.3 11345.4 -28.0 89 0 12.0 6.4 5.0 2.5 2 0 2 2 2
-3314.8 11884.6 -28.7 179 0 11.6 13.4 7.5 2.5 2 1 3 4 4
-1616.9 11747.6 -35.8 0 0 9.8 9.5 5.0 2.5 2 0 2 4 4
-3252.1 12145.2 -30.2 180 0 11.9 19.4 5.0 2.5 4 1 2 0 0
-3122.1 11982.4 -31.2 190 0 13.4 18.9 5.0 0.0 0 1 2 4 4
-3172.9 12042.8 -30.4 90 0 9.4 6.4 2.5 2.5 2 0 1 2 2
-1300.0 11118.1 -28.3 182 0 15.3 17.8 5.0 2.5 2 1 2 1 1
-2623.1 11406.3 -27.7 271 0 6.3 16.0 2.5 2.5 2 1 1 0 0
-2088.9 11327.4 -31.8 181 0 7.1 11.4 7.5 0.0 0 1 3 3 3
-2113.5 11568.5 -37.1 178 0 6.8 12.8 5.0 2.5 2 1 2 4 4
-2643.3 11345.0 -28.2 90 0 15.1 19.6 7.5 2.5 2 1 3 2 2
-3246.0 12193.1 -31.3 271 0 12.0 7.4 7.5 2.5 4 0 3 1 1
-3097.5 11972.9 -31.2 100 0 6.5 14.7 7.5 2.5 2 1 3 5 5
-1617.5 11825.9 -41.0 1 0 8.8 5.8 2.5 0.0 0 0 1 5 5
-3250.2 11868.1 -28.9 359 0 10.7 9.0 5.0 2.5 4 0 2 4 4
-2079.1 11576.8 -37.0 358 0 9.6 4.0 5.0 2.5 2 0 2 0 0
-3210.4 11887.8 -30.4 274 0 10.9 11.5 2.5 2.5 2 1 1 3 3
-3026.7 12209.7 -32.0 89 0 13.4 14.5 7.5 2.5 2 1 3 4 4
-1371.0 11416.0 -31.7 89 0 14.1 13.1 5.0 2.5 2 0 2 1 1
-3252.3 12180.5 -31.1 181 0 8.4 4.7 5.0 2.5 4 0 2 5 5
-3228.5 12051.6 -30.3 180 0 10.3 4.5 5.0 0.0 0 0 2 2 2
-3246.2 11884.7 -29.6 359 0 11.9 17.6 2.5 2.5 2 1 1 0 0
-2084.3 11577.3 -37.0 358 0 8.8 6.5 7.5 2.5 2 0 3 3 3
-3195.0 11857.7 -29.7 3 0 7.6 8.6 5.0 2.5 2 1 2 2 2
-3160.1 12021.4 -30.6 91 0 13.3 25.7 7.5 2.5 2 1 3 5 5
-3320.3 11938.4 -29.7 269 0 6.0 16.2 7.5 2.5 2 1 3 1 1
-1709.0 12015.5 -33.7 90 0 5.0 13.1 7.5 2.5 2 1 3 5 5
-3223.3 11838.7 -28.6 359 0 13.7 14.9 5.0 2.5 2 1 2 3 3
-1338.7 11318.0 -31.1 30 0 4.1 15.0 5.0 2.5 2 1 2 3 3
-3373.8 12237.1 -32.9 91 0 6.3 14.8 5.0 2.5 2 1 2 2 2
-3221.6 12052.1 -30.4 180 0 19.4 10.9 5.0 2.5 2 0 2 4 4
-1300.0 11025.0 -26.7 181 0 15.4 16.1 5.0 2.5 4 1 2 2 2
-2090.7 11294.8 -29.8 182 0 7.6 6.1 2.5 2.5 2 0 1 2 2
-3149.3 11931.0 -31.6 281 0 11.7 12.1 7.5 2.5 2 1 3 5 5
-3276.4 11937.5 -30.7 269 0 14.4 15.6 7.5 2.5 4 1 3 5 5
-1333.3 11453.2 -32.2 269 0 7.4 5.3 5.0 2.5 2 0 2 3 3
-2171.1 11515.3 -37.4 358 0 6.1 13.3 2.5 2.5 2 1 1 3 3
-3188.5 12060.6 -30.2 90 0 12.5 10.0 2.5 2.5 2 0 1 1 1
-3232.8 11877.8 -29.7 269 0 18.3 16.7 7.5 0.0 0 0 3 2 2
-1266.4 10975.9 -26.0 2 0 14.6 5.3 7.5 2.5 2 0 3 5 5
-3324.3 11868.5 -28.9 179 0 13.5 7.5 2.5 2.5 2 0 1 2 2
-3217.7 11927.5 -31.4 179 0 3.8 11.2 7.5 2.5 2 1 3 1 1
-2649.3 11388.1 -28.0 271 0 10.3 12.4 5.0 2.5 2 1 2 1 1
-2080.2 11311.4 -31.3 92 0 5.3 11.9 7.5 2.5 2 1 3 3 3
-1280.5 10989.3 -26.1 180 0 8.7 11.1 5.0 2.5 2 1 2 1 1
-3264.7 12086.7 -29.8 91 0 15.7 12.4 2.5 2.5 2 0 1 5 5
-1330.1 11420.4 -32.3 89 0 9.3 4.1 5.0 2.5 2 0 2 1 1
-2118.3 11592.9 -36.9 178 0 14.0 8.3 5.0 2.5 2 0 2 0 0
-1298.7 11519.2 -32.8 89 0 22.4 21.2 7.5 2.5 2 0 3 0 0
-3260.8 11870.1 -28.8 359 0 13.5 19.1 10.0 2.5 2 1 4 0 0
-2076.0 11588.2 -36.9 358 0 4.9 6.8 5.0 2.5 2 1 2 4 4
-1989.9 11327.8 -33.4 91 0 9.6 22.7 5.0 2.5 2 1 2 0 0
-3197.6 11907.4 -31.5 102 0 7.2 8.7 5.0 2.5 2 1 2 1 1
-3344.3 12138.8 -30.1 359 0 8.7 7.3 2.5 2.5 2 0 1 0 0
-3183.7 11885.2 -30.8 285 0 14.2 21.8 7.5 2.5 4 1 3 3 3
-3224.8 12176.1 -30.9 270 0 4.1 18.0 2.5 2.5 2 1 1 1 1
-3288.8 11815.2 -29.0 89 0 6.8 12.8 7.5 2.5 2 1 3 1 1
-3326.3 11905.5 -28.7 269 0 15.2 9.9 7.5 2.5 2 0 3 5 5
-3265.6 11915.6 -30.1 269 0 10.7 8.0 5.0 2.5 2 0 2 0 0
-1326.2 11348.0 -31.7 16 0 5.8 9.3 7.5 2.5 2 1 3 2 2
-3231.6 12081.8 -30.0 181 0 11.0 6.5 7.5 2.5 4 0 3 2 2
-3149.5 11942.0 -31.4 97 0 12.9 11.4 7.5 2.5 2 0 3 5 5
-2112.4 11346.0 -33.0 88 0 7.6 7.7 7.5 2.5 2 1 3 2 2
-2171.3 11498.6 -37.5 358 0 5.2 12.1 5.0 2.5 2 1 2 4 4
-1329.2 11325.4 -31.3 302 0 4.9 14.0 2.5 2.5 2 1 1 1 1
-2078.2 11355.8 -33.3 272 0 12.8 7.0 5.0 2.5 4 0 2 5 5
-2705.9 11397.0 -28.3 272 0 3.2 9.6 5.0 2.5 2 1 2 3 3
-3194.1 11961.8 -31.3 271 0 19.3 18.7 10.0 2.5 2 0 4 3 3
-2677.9 11398.7 -28.0 268 0 10.6 4.7 5.0 2.5 2 0 2 3 3
-3257.9 11858.3 -28.6 269 0 8.5 13.1 7.5 2.5 2 1 3 0 0
-3283.3 12088.3 -29.8 93 0 17.7 11.4 2.5 2.5 2 0 1 5 5
-3189.6 11923.6 -31.5 4 0 10.6 14.9 7.5 2.5 2 1 3 5 5
-2213.3 11533.8 -37.2 178 0 11.3 11.3 5.0 2.5 2 1 2 5 5
-1334.9 11549.5 -32.3 179 0 17.2 20.8 10.0 0.0 0 1 4 4 4
-2171.0 11492.1 -37.6 358 0 5.2 13.6 5.0 2.5 2 1 2 5 5
-2659.7 11397.9 -27.9 272 0 9.4 7.1 5.0 2.5 2 0 2 4 4
-1911.1 11461.9 -34.1 178 0 6.2 11.4 7.5 2.5 2 1 3 2 2
-3271.7 12114.8 -29.6 180 0 5.2 14.2 7.5 2.5 2 1 3 5 5
-3175.1 11920.8 -31.6 12 0 10.5 12.6 7.5 2.5 2 1 3 1 1
-3359.0 12142.7 -30.1 269 0 11.5 7.4 7.5 2.5 2 0 3 3 3
-3154.1 12199.7 -31.5 270 0 11.4 18.7 5.0 0.0 0 1 2 5 5
-1286.3 11554.9 -32.8 359 0 22.9 24.0 10.0 2.5 2 1 4 0 0
-3165.5 12214.1 -32.5 91 0 13.1 30.2 10.0 2.5 2 1 4 2 2
-3239.4 11899.0 -30.2 359 0 10.2 10.2 5.0 2.5 4 1 2 1 1
-2145.0 11349.8 -33.1 88 0 10.0 9.5 2.5 2.5 2 0 1 3 3
-3597.2 12161.2 -30.8 176 0 7.9 6.2 7.5 2.5 4 0 3 1 1
-4112.1 11937.9 -34.0 176 0 4.2 9.8 2.5 2.5 4 1 1 2 2
-3507.8 12211.8 -31.9 271 0 12.7 34.0 5.0 2.5 2 1 2 0 0
-4394.1 12183.3 -31.9 88 0 8.1 9.4 5.0 2.5 2 1 2 0 0
-3532.2 12247.8 -32.9 266 0 10.1 6.5 5.0 2.5 2 0 2 0 0
-3585.5 12160.3 -30.7 176 0 4.8 8.8 2.5 2.5 4 1 1 2 2
-4408.4 12199.2 -32.1 182 0 4.2 9.3 7.5 2.5 2 1 3 3 3
-3910.7 11828.4 -35.4 0 0 6.7 12.1 5.0 2.5 2 1 2 1 1
-3977.6 11848.9 -35.1 91 0 11.7 6.5 5.0 0.0 0 0 2 3 3
-3395.8 12220.3 -32.1 287 0 4.1 8.2 5.0 2.5 2 1 2 3 3
-4180.7 12212.1 -32.4 90 0 7.4 4.6 5.0 2.5 2 0 2 5 5
-3418.0 12236.9 -32.6 298 0 9.4 6.5 7.5 2.5 2 0 3 3 3
-3556.0 12145.5 -30.5 92 0 8.9 8.1 2.5 2.5 2 0 1 5 5
-3686.1 11965.0 -31.2 87 0 6.8 25.3 5.0 2.5 2 1 2 2 2
-3399.1 12231.2 -32.4 280 0 4.2 14.2 5.0 2.5 2 1 2 3 3
-3552.6 12234.5 -32.6 274 0 16.7 9.3 2.5 2.5 2 0 1 1 1
-4244.1 12209.8 -32.4 181 0 16.0 3.6 7.5 2.5 2 0 3 2 2
-4243.4 12222.1 -32.6 185 0 3.6 8.7 5.0 2.5 4 1 2 5 5
-3499.5 12129.3 -29.9 0 0 5.0 6.1 2.5 2.5 2 1 1 5 5
-3711.0 11974.9 -31.6 176 0 24.8 19.8 10.0 2.5 4 0 4 3 3
-3423.9 12177.7 -31.0 270 0 9.3 14.4 7.5 2.5 2 1 3 5 5
-3499.9 12149.9 -30.5 87 0 4.3 7.9 7.5 2.5 2 1 3 2 2
-3588.4 12257.4 -33.2 95 0 7.9 10.2 7.5 2.5 2 1 3 4 4
-3574.8 12196.1 -31.7 172 0 5.0 10.4 7.5 2.5 2 1 3 5 5
-4298.8 12218.6 -32.5 271 0 4.4 8.8 7.5 2.5 2 1 3 1 1
-4178.0 12249.7 -33.2 271 0 5.3 11.5 7.5 0.0 0 1 3 0 0
-4301.4 12182.9 -31.8 91 0 9.4 7.6 7.5 2.5 2 0 3 1 1
-4293.0 12258.2 -33.5 268 0 5.4 10.9 7.5 2.5 2 1 3 2 2
-3577.7 12204.1 -31.8 185 0 3.4 11.5 7.5 2.5 2 1 3 3 3
-3469.1 12234.2 -32.7 121 0 11.7 4.8 7.5 2.5 2 0 3 0 0
-3405.2 12188.6 -31.7 86 0 4.3 18.7 7.5 2.5 2 1 3 3 3
-4188.3 12195.2 -31.9 92 0 11.0 3.1 5.0 0.0 0 0 2 2 2
-3393.5 12246.5 -33.0 105 0 5.6 8.5 2.5 2.5 2 1 1 1 1
-4185.4 12182.3 -31.7 90 0 3.6 9.0 5.0 2.5 2 1 2 0 0
-4328.6 12238.2 -33.0 272 0 12.4 6.8 7.5 0.0 0 0 3 1 1
-4207.4 12239.8 -33.0 270 0 5.3 9.7 7.5 2.5 2 1 3 1 1
-4317.1 12201.4 -32.2 92 0 9.2 4.4 7.5 2.5 2 0 3 4 4
-3496.0 12226.3 -32.3 274 0 7.1 9.8 7.5 2.5 2 1 3 4 4
-3593.1 12261.4 -33.1 3 0 10.5 4.4 7.5 2.5 2 0 3 3 3
-3908.1 11852.1 -34.9 0 0 7.5 15.2 5.0 2.5 2 1 2 2 2
-4369.8 12231.9 -32.9 273 0 10.3 4.6 5.0 2.5 2 0 2 1 1
-4243.8 12241.5 -33.3 180 0 22.9 3.0 7.5 2.5 2 0 3 5 5
-4201.0 12184.4 -31.8 93 0 9.8 7.7 5.0 2.5 2 0 2 1 1
-5815.1 12119.7 -32.5 1 0 5.3 8.5 7.5 2.5 2 1 3 3 3
-5870.4 12143.5 -32.5 91 0 6.0 9.3 5.0 2.5 2 1 2 0 0
-5883.7 12211.1 -39.2 271 0 10.1 4.9 5.0 2.5 2 0 2 0 0
-5908.2 12258.6 -34.3 91 0 8.6 5.5 2.5 0.0 0 0 1 5 5
109.9 10864.9 -29.9 182 0 13.0 9.8 2.5 2.5 2 0 1 2 2
-57.0 11191.5 -31.4 1 0 10.3 20.6 7.5 2.5 4 1 3 5 5
-5680.5 12146.0 -31.7 91 0 8.2 6.3 7.5 2.5 2 0 3 2 2
24.5 10849.4 -29.8 92 0 10.4 14.9 5.0 2.5 2 1 2 4 4
-57.8 11125.9 -32.3 271 0 12.8 12.7 7.5 2.5 2 0 3 2 2
-5931.4 12177.2 -32.6 271 0 7.3 8.9 2.5 2.5 2 1 1 2 2
365.5 10845.9 -34.2 219 0 15.6 8.8 7.5 2.5 2 0 3 0 0
-5898.2 12210.5 -35.8 181 0 13.2 9.0 7.5 2.5 2 0 3 0 0
359.8 10782.0 -33.8 36 0 6.4 5.8 5.0 2.5 2 0 2 3 3
168.3 10901.4 -30.3 2 0 23.3 10.1 5.0 2.5 2 0 2 4 4
249.4 10971.9 -31.5 212 0 9.7 21.6 7.5 2.5 2 1 3 1 1
230.0 10979.6 -30.5 32 0 15.5 5.4 7.5 2.5 2 0 3 1 1
308.9 10798.2 -32.6 121 0 11.6 10.7 2.5 2.5 2 0 1 1 1
91.3 10749.6 -30.4 182 0 8.9 8.3 5.0 2.5 2 0 2 2 2
-5687.9 12025.0 -32.6 91 0 8.3 8.2 7.5 2.5 2 0 3 5 5
383.6 10762.5 -34.9 105 0 12.7 6.7 5.0 0.0 0 0 2 5 5
85.3 10770.8 -30.3 272 0 20.7 15.9 7.5 2.5 2 0 3 5 5
329.7 10913.6 -32.9 33 0 8.4 6.7 5.0 2.5 2 0 2 5 5
206.1 10757.6 -31.6 92 0 12.9 13.3 5.0 2.5 2 1 2 4 4
-5883.6 12223.2 -34.2 271 0 11.2 4.4 2.5 2.5 2 0 1 2 2
-65.8 11100.9 -34.2 181 0 10.7 9.5 7.5 2.5 2 0 3 4 4
407.1 10830.1 -34.8 127 0 13.7 7.5 7.5 2.5 2 0 3 3 3
357.5 10750.9 -34.0 199 0 5.5 16.1 2.5 2.5 2 1 1 4 4
197.6 11379.7 -30.1 181 0 19.0 49.4 7.5 2.5 2 1 3 4 4
178.7 10911.1 -30.7 201 0 7.4 29.0 5.0 2.5 4 1 2 4 4
488.5 10818.8 -36.3 179 0 22.5 10.0 5.0 2.5 2 0 2 4 4
184.4 11053.4 -29.6 1 0 8.3 10.1 2.5 2.5 2 1 1 1 1
354.5 10740.1 -34.2 200 0 8.7 27.3 2.5 2.5 2 1 1 3 3
377.1 10849.1 -34.2 127 0 12.1 16.7 7.5 2.5 2 1 3 5 5
187.1 11218.6 -29.7 1 0 18.7 14.0 7.5 2.5 2 0 3 0 0
-5908.8 12254.4 -34.2 271 0 6.7 12.6 7.5 0.0 0 1 3 3 3
255.6 10801.0 -31.9 302 0 5.3 7.3 5.0 2.5 2 1 2 5 5
144.8 10849.1 -30.3 2 0 7.2 10.4 5.0 2.5 2 1 2 4 4
280.2 10844.1 -32.0 35 0 6.4 5.3 7.5 2.5 2 0 3 4 4
73.5 10858.0 -29.5 2 0 19.1 13.0 5.0 2.5 2 0 2 2 2
214.8 10810.3 -31.6 213 0 29.0 14.7 10.0 2.5 4 0 4 4 4
190.5 10840.2 -31.2 271 0 13.0 37.2 12.5 2.5 2 1 5 3 3
254.5 10885.1 -31.4 39 0 12.6 9.8 7.5 0.0 0 0 3 0 0
-5728.5 12164.4 -31.8 91 0 7.7 11.2 5.0 2.5 2 1 2 2 2
361.3 10827.4 -34.3 133 0 13.6 8.2 2.5 2.5 2 0 1 2 2
595.1 10870.1 -36.9 4 0 15.2 22.6 7.5 2.5 2 1 3 0 0
222.3 10944.5 -30.7 125 0 4.7 8.6 7.5 2.5 2 1 3 3 3
-6013.0 12123.9 -33.3 91 0 6.8 15.9 7.5 2.5 2 1 3 4 4
271.7 11049.9 -31.1 293 0 5.7 8.7 5.0 2.5 2 1 2 5 5
-62.0 11248.6 -31.5 271 0 11.2 4.9 7.5 0.0 0 0 3 0 0
-5855.9 12248.4 -34.1 271 0 12.4 4.5 7.5 2.5 2 0 3 3 3
559.1 10883.6 -36.6 274 0 15.6 14.9 5.0 2.5 2 0 2 3 3
-45.7 11074.9 -36.3 91 0 20.6 6.8 5.0 2.5 2 0 2 3 3
196.9 10935.7 -30.5 128 0 4.7 22.1 7.5 2.5 2 1 3 4 4
-5922.2 12144.2 -32.8 91 0 9.1 9.3 2.5 2.5 2 1 1 4 4
-5893.3 12233.2 -33.7 271 0 7.3 8.0 5.0 2.5 2 1 2 1 1
-29.5 11121.1 -32.0 271 0 8.2 8.2 5.0 2.5 2 0 2 2 2
377.7 10813.8 -34.6 129 0 8.0 4.9 7.5 2.5 2 0 3 4 4
354.4 10747.8 -33.4 20 0 13.4 17.0 7.5 2.5 2 1 3 1 1
346.3 10789.2 -33.3 307 0 5.4 7.7 5.0 2.5 2 1 2 3 3
295.9 10763.7 -32.6 36 0 9.2 15.3 7.5 2.5 2 1 3 2 2
241.1 10853.7 -31.6 218 0 6.1 8.9 5.0 2.5 2 1 2 2 2
206.9 11024.3 -30.1 92 0 7.0 11.8 5.0 2.5 2 1 2 5 5
-5911.7 12178.1 -32.5 181 0 7.9 7.3 2.5 2.5 4 0 1 0 0
313.2 10875.4 -32.6 294 0 4.1 9.6 5.0 2.5 2 1 2 1 1
108.6 10878.3 -29.8 182 0 12.6 7.9 7.5 2.5 2 0 3 5 5
-5864.7 12105.8 -32.8 91 0 4.1 11.6 7.5 2.5 2 1 3 4 4
217.5 10926.7 -30.8 127 0 6.1 13.5 2.5 2.5 2 1 1 2 2
-55.5 11103.9 -33.7 181 0 9.6 3.5 5.0 2.5 2 0 2 3 3
-5796.1 12248.3 -34.0 271 0 6.1 8.8 2.5 2.5 4 1 1 2 2
254.9 11050.8 -31.0 201 0 9.8 12.4 7.5 2.5 2 1 3 0 0
234.6 10844.8 -31.5 214 0 13.5 8.8 5.0 2.5 2 0 2 4 4
18.0 11116.9 -32.4 1 0 25.1 10.3 12.5 2.5 2 0 5 1 1
292.2 10802.2 -32.4 43 0 9.3 18.0 7.5 2.5 2 1 3 0 0
305.3 10749.1 -33.1 275 0 17.9 22.4 5.0 2.5 2 1 2 1 1
-98.4 11223.1 -31.7 181 0 23.0 30.0 10.0 0.0 0 1 4 3 3
386.9 10753.9 -35.3 198 0 12.4 16.5 7.5 2.5 2 1 3 1 1
591.1 10853.1 -37.1 4 0 10.9 19.6 5.0 2.5 2 1 2 3 3
226.6 10938.7 -30.8 124 0 6.3 15.6 5.0 2.5 4 1 2 0 0
-5684.8 12132.1 -31.9 181 0 6.9 13.3 2.5 2.5 4 1 1 3 3
331.1 10888.4 -33.2 35 0 10.0 8.2 5.0 2.5 2 0 2 0 0
-0.1 11101.0 -32.9 91 0 10.9 27.3 12.5 2.5 2 1 5 0 0
339.7 10894.4 -33.2 36 0 8.9 17.0 5.0 2.5 4 1 2 2 2
415.2 10842.8 -34.7 37 0 6.1 9.2 5.0 2.5 2 1 2 4 4
206.2 10935.8 -30.6 128 0 7.7 30.1 7.5 0.0 0 1 3 4 4
-5801.3 12200.0 -39.7 91 0 4.6 10.0 5.0 2.5 4 1 2 3 3
383.2 10759.5 -34.6 288 0 9.2 20.2 7.5 2.5 2 1 3 0 0
-29.1 11129.1 -31.6 271 0 8.8 7.2 5.0 2.5 2 0 2 4 4
404.3 10844.8 -34.6 35 0 16.4 4.6 2.5 2.5 2 0 1 5 5
323.7 10878.5 -33.2 35 0 12.4 6.9 5.0 2.5 4 0 2 5 5
172.8 11211.6 -29.8 1 0 4.2 15.3 2.5 2.5 2 1 1 2 2
416.1 10837.0 -34.9 131 0 5.8 5.9 7.5 2.5 4 1 3 4 4
271.8 10768.6 -32.3 39 0 7.0 12.7 7.5 2.5 2 1 3 5 5
333.7 10771.2 -33.1 127 0 8.8 12.8 5.0 2.5 2 1 2 0 0
370.2 10761.3 -34.2 292 0 14.5 9.9 2.5 2.5 2 0 1 3 3
-5840.4 12127.4 -32.5 91 0 16.5 12.9 7.5 0.0 0 0 3 4 4
-5587.8 12237.7 -33.6 271 0 8.5 9.0 7.5 0.0 0 1 3 1 1
213.4 10932.8 -30.7 128 0 5.6 14.0 5.0 2.5 2 1 2 4 4
187.0 11375.7 -30.4 1 0 25.3 20.3 7.5 2.5 4 0 3 5 5
197.5 10959.2 -30.3 126 0 6.4 17.2 5.0 2.5 2 1 2 4 4
173.0 10942.5 -30.3 2 0 50.4 36.3 7.5 0.0 0 0 3 2 2
254.4 10957.7 -31.4 219 0 8.7 17.1 7.5 2.5 2 1 3 0 0
516.0 10833.6 -36.6 185 0 7.5 8.7 5.0 0.0 0 1 2 1 1
200.1 11024.6 -30.0 91 0 5.0 13.7 7.5 2.5 2 1 3 3 3
408.9 10745.1 -35.6 286 0 9.9 11.4 7.5 2.5 2 1 3 4 4
171.3 11060.6 -29.6 120 0 10.4 12.4 5.0 2.5 4 1 2 5 5
-5856.9 12189.8 -32.2 271 0 10.9 6.2 5.0 2.5 2 0 2 2 2
-5846.8 12046.3 -33.1 176 0 6.8 13.8 5.0 2.5 2 1 2 1 1
-5578.6 12041.6 -32.1 91 0 11.7 8.0 5.0 2.5 2 0 2 4 4
-5860.9 12151.7 -32.4 91 0 6.4 8.4 5.0 2.5 2 1 2 5 5
-5884.4 12261.4 -34.3 271 0 11.4 8.4 7.5 2.5 2 0 3 1 1
239.5 10927.6 -31.1 124 0 5.3 13.1 7.5 2.5 2 1 3 0 0
-5603.6 12242.7 -33.8 271 0 8.9 8.6 7.5 2.5 2 0 3 5 5
-5800.1 12085.5 -32.7 1 0 14.2 7.2 7.5 2.5 4 0 3 3 3
-5826.0 12120.1 -32.6 1 0 10.0 5.6 5.0 2.5 2 0 2 0 0
-5825.4 12179.4 -32.2 1 0 8.6 10.2 5.0 2.5 2 1 2 2 2
-5878.8 12143.2 -32.6 91 0 4.7 6.9 5.0 2.5 2 1 2 5 5
-5638.8 12214.9 -33.1 271 0 10.3 6.2 5.0 2.5 2 0 2 1 1
-5785.2 12043.2 -32.9 1 0 4.9 8.1 2.5 2.5 2 1 1 3 3
-5774.6 12258.0 -34.3 91 0 4.4 7.4 5.0 2.5 2 1 2 0 0
-5841.7 12105.6 -32.7 91 0 5.3 10.3 7.5 2.5 2 1 3 0 0
-5899.0 12128.5 -32.8 181 0 3.4 8.8 2.5 2.5 2 1 1 1 1
-5874.8 12126.8 -32.7 91 0 4.8 10.1 2.5 2.5 2 1 1 5 5
-5663.7 12257.6 -34.2 271 0 10.0 4.7 5.0 0.0 0 0 2 5 5
-5851.8 12174.8 -32.3 1 0 4.2 11.2 7.5 2.5 2 1 3 2 2
-5794.7 12070.4 -32.8 1 0 11.4 8.3 5.0 2.5 2 0 2 1 1
-5806.4 12053.1 -33.0 1 0 15.3 5.1 7.5 0.0 0 0 3 5 5
-5827.1 12170.4 -32.2 1 0 3.5 8.8 7.5 2.5 2 1 3 2 2
-6492.2 11947.4 -36.5 0 0 7.1 5.1 7.5 2.5 2 0 3 5 5
-6648.1 11348.5 -35.8 270 0 9.0 6.7 5.0 2.5 4 0 2 2 2
-6903.9 11941.4 -35.7 179 0 12.8 14.0 10.0 2.5 2 1 4 3 3
-6764.2 11260.5 -35.2 176 0 12.3 5.7 5.0 2.5 2 0 2 1 1
-6822.6 11921.4 -36.0 182 0 9.1 15.6 7.5 2.5 2 1 3 3 3
-6157.6 11261.0 -37.7 89 0 12.9 34.2 7.5 2.5 2 1 3 1 1
-6752.0 11398.1 -35.5 269 0 11.7 15.4 5.0 2.5 2 1 2 5 5
-6024.6 11289.0 -38.3 93 0 26.6 11.7 7.5 2.5 2 0 3 1 1
-6779.7 11872.1 -36.0 0 0 3.3 10.4 7.5 2.5 2 1 3 2 2
-6734.6 12218.8 -36.0 271 0 10.2 16.5 7.5 2.5 2 1 3 0 0
-6623.9 11314.2 -35.9 91 0 10.2 16.1 7.5 2.5 2 1 3 2 2
-6659.0 12114.8 -35.8 358 0 15.4 16.1 7.5 2.5 2 1 3 2 2
-6494.8 12260.6 -34.6 268 0 11.0 18.5 5.0 0.0 0 1 2 4 4
-6907.2 11965.7 -35.7 179 0 11.4 22.2 7.5 0.0 0 1 3 5 5
-6591.6 11552.0 -36.3 182 0 9.9 6.5 5.0 2.5 2 0 2 4 4
-6770.4 11217.7 -35.1 89 0 17.2 23.7 10.0 2.5 2 1 4 5 5
-6471.6 11883.3 -36.6 180 0 15.4 18.3 10.0 2.5 2 1 4 0 0
-6199.9 11301.8 -37.6 88 0 24.6 72.1 5.0 0.0 0 1 2 0 0
-6822.0 11608.0 -35.5 90 0 16.4 14.3 5.0 0.0 0 0 2 1 1
-6343.5 12000.1 -35.5 89 0 7.6 22.8 7.5 0.0 0 1 3 0 0
-6848.2 11809.1 -35.7 90 0 12.3 33.7 7.5 2.5 4 1 3 0 0
-6911.5 11793.9 -35.4 181 0 23.6 7.6 2.5 2.5 2 0 1 1 1
-6697.2 12221.2 -36.1 83 0 6.9 5.9 5.0 0.0 0 0 2 0 0
-6063.3 11339.2 -38.2 269 0 17.6 15.0 10.0 2.5 4 0 4 2 2
-6912.5 11403.5 -34.8 179 0 9.6 7.1 7.5 2.5 2 0 3 1 1
-6798.9 11844.6 -35.9 90 0 14.1 12.8 5.0 2.5 2 0 2 0 0
-6900.9 11837.8 -35.5 180 0 10.5 13.2 5.0 2.5 2 1 2 3 3
-6685.2 12216.4 -36.1 59 0 4.9 8.6 5.0 2.5 2 1 2 2 2
-6521.9 12262.1 -34.9 268 0 9.8 16.7 5.0 2.5 2 1 2 0 0
-6611.8 11313.4 -35.9 88 0 12.7 6.7 5.0 2.5 2 0 2 4 4
-6800.4 11348.2 -35.2 88 0 17.1 25.7 5.0 2.5 2 1 2 4 4
-6858.5 11797.8 -35.6 90 0 4.2 11.3 7.5 2.5 2 1 3 3 3
-6924.9 11904.0 -35.5 180 0 21.4 11.3 7.5 2.5 2 0 3 4 4
-6661.5 11351.9 -35.8 268 0 15.0 15.7 7.5 2.5 2 1 3 0 0
-6697.1 12257.8 -35.3 351 0 9.9 8.3 5.0 2.5 2 0 2 3 3
-6141.5 11285.2 -37.8 271 0 11.8 23.7 10.0 2.5 2 1 4 5 5
-6828.6 11885.4 -35.8 270 0 5.9 7.7 2.5 2.5 2 1 1 4 4
-6912.5 11457.7 -35.0 179 0 9.4 20.4 5.0 2.5 2 1 2 2 2
-6746.4 11363.1 -35.4 89 0 9.1 13.4 5.0 2.5 2 1 2 0 0
-6633.9 11377.4 -35.9 269 0 12.3 4.6 7.5 2.5 2 0 3 2 2
-6679.5 12106.0 -35.7 88 0 7.6 14.1 7.5 2.5 2 1 3 0 0
-6507.3 12260.4 -34.6 268 0 11.1 21.7 10.0 2.5 2 1 4 2 2
-6788.3 11219.6 -35.1 91 0 15.0 18.1 7.5 2.5 2 1 3 1 1
-6827.8 11353.6 -35.1 89 0 10.5 13.3 7.5 2.5 4 1 3 3 3
-6757.5 12058.0 -35.1 357 0 10.2 10.4 5.0 2.5 2 1 2 1 1
-5950.2 10984.3 -38.0 91 0 25.2 43.4 12.5 0.0 0 1 5 4 4
-6912.2 11439.3 -34.9 177 0 4.3 8.3 5.0 2.5 2 1 2 2 2
-6921.5 11802.9 -35.4 181 0 41.4 8.1 7.5 2.5 2 0 3 5 5
-6741.6 11890.3 -36.2 270 0 12.4 20.3 7.5 2.5 4 1 3 0 0
-6699.6 12234.9 -35.9 259 0 5.8 6.8 2.5 2.5 2 1 1 4 4
-6912.9 11392.4 -34.8 183 0 8.7 9.8 7.5 2.5 4 1 3 0 0
-6798.9 11858.6 -35.9 90 0 12.6 5.9 5.0 2.5 2 0 2 0 0
-6691.0 12088.1 -35.6 178 0 11.7 11.4 5.0 2.5 2 0 2 1 1
-6912.4 11447.4 -34.9 179 0 9.3 19.2 7.5 2.5 2 1 3 1 1
-6764.2 12107.7 -35.2 268 0 9.3 9.1 7.5 0.0 0 0 3 2 2
-6008.1 11306.9 -38.4 1 0 9.4 24.2 5.0 2.5 2 1 2 1 1
-6904.3 12024.7 -35.5 269 0 8.1 11.9 5.0 2.5 2 1 2 4 4
-6378.4 11549.6 -37.2 91 0 13.8 8.6 2.5 2.5 2 0 1 5 5
-6871.5 11826.2 -35.6 180 0 24.6 15.3 10.0 2.5 2 0 4 4 4
-6742.5 11822.5 -36.1 0 0 15.1 13.0 5.0 0.0 0 0 2 1 1
-6695.6 11891.4 -36.0 270 0 16.0 18.6 10.0 2.5 2 1 4 3 3
-6465.9 11437.5 -36.7 180 0 15.3 10.4 7.5 2.5 2 0 3 5 5
-6733.2 11254.3 -35.3 1 0 6.6 6.0 7.5 0.0 0 0 3 2 2
-6854.1 11360.4 -35.0 183 0 8.5 10.3 2.5 2.5 2 1 1 0 0
-6764.1 12096.5 -35.2 270 0 10.0 30.9 7.5 0.0 0 1 3 2 2
-6880.0 12084.1 -35.0 88 0 8.0 29.7 2.5 2.5 2 1 1 3 3
-5993.8 11132.3 -38.1 270 0 27.1 41.7 7.5 0.0 0 1 3 3 3
-6756.3 11853.5 -36.1 0 0 19.8 8.9 7.5 2.5 2 0 3 0 0
-6831.5 11230.1 -34.9 178 0 23.4 15.9 7.5 2.5 2 0 3 4 4
-6446.3 11393.1 -36.7 90 0 12.3 40.3 7.5 0.0 0 1 3 3 3
-6870.3 12167.9 -35.5 179 0 31.0 10.7 10.0 0.0 0 0 4 1 1
-6674.0 11309.5 -35.7 181 0 12.8 13.9 5.0 2.5 2 1 2 1 1
-6906.3 11989.5 -35.7 179 0 7.8 9.5 7.5 0.0 0 1 3 1 1
-6910.0 12106.5 -35.4 179 0 22.1 21.3 15.0 0.0 0 0 6 4 4
-6648.3 11323.6 -35.8 91 0 8.3 7.7 2.5 2.5 2 0 1 5 5
-6750.8 11841.1 -36.1 0 0 18.4 4.4 7.5 2.5 2 0 3 3 3
-6655.2 12235.7 -35.6 58 0 8.3 4.0 7.5 2.5 2 0 3 4 4
-6590.3 11619.8 -36.6 182 0 4.9 32.2 7.5 0.0 0 1 3 5 5
-6579.8 12189.4 -35.5 88 0 12.6 18.5 2.5 2.5 2 1 1 5 5
-6805.2 11242.1 -35.0 271 0 16.9 22.7 10.0 2.5 2 1 4 0 0
-6781.6 11373.4 -35.3 266 0 4.8 15.9 7.5 2.5 2 1 3 5 5
-6440.3 11448.5 -36.8 1 0 6.6 13.0 5.0 2.5 2 1 2 1 1
-6825.5 12082.4 -35.2 270 0 10.3 55.8 7.5 2.5 2 1 3 5 5
-6793.4 11310.0 -35.2 180 0 14.5 22.1 7.5 2.5 2 1 3 3 3
-6869.4 12133.7 -35.2 179 0 31.2 10.5 7.5 2.5 2 0 3 4 4
-6864.2 11764.6 -35.5 90 0 15.0 15.4 5.0 2.5 2 1 2 3 3
-6656.5 11302.3 -35.7 90 0 3.7 11.9 7.5 2.5 2 1 3 3 3
-5835.9 11600.1 -36.4 180 0 42.8 28.0 7.5 0.0 0 0 3 2 2
-6732.4 11405.2 -35.6 269 0 12.5 22.6 7.5 2.5 2 1 3 5 5
-6680.9 12239.2 -35.7 242 0 7.8 5.4 7.5 2.5 2 0 3 2 2
-6585.1 12259.3 -34.9 268 0 5.6 13.5 7.5 0.0 0 1 3 1 1
-6308.1 11216.8 -37.0 89 0 4.4 7.5 2.5 2.5 2 1 1 0 0
-6897.0 11387.5 -34.8 85 0 7.7 6.7 7.5 2.5 4 0 3 0 0
-6737.5 11756.3 -36.1 91 0 25.5 27.4 7.5 0.0 0 1 3 3 3
-6803.4 11320.1 -35.1 88 0 17.6 25.7 7.5 2.5 2 1 3 1 1
-6658.8 11318.9 -35.7 90 0 11.1 7.0 5.0 2.5 2 0 2 0 0
-6698.6 11350.3 -35.6 91 0 16.1 24.2 7.5 2.5 2 1 3 4 4
-6033.3 10828.4 -35.2 1 0 59.4 16.0 12.5 2.5 2 0 5 2 2
-6558.8 11569.4 -36.5 0 0 14.7 24.3 10.0 2.5 2 1 4 0 0
-6866.3 11863.3 -35.7 270 0 10.3 19.6 5.0 2.5 4 1 2 5 5
-6164.9 11434.1 -38.0 268 0 13.9 17.6 10.0 2.5 2 1 4 2 2
-6753.8 12159.6 -35.4 78 0 7.6 13.8 2.5 2.5 2 1 1 5 5
-6887.2 12011.7 -35.5 269 0 4.6 6.9 5.0 2.5 2 1 2 2 2
-5922.8 11862.3 -35.0 270 0 9.8 23.2 5.0 2.5 2 1 2 3 3
-6832.5 11327.3 -35.0 91 0 9.6 14.3 7.5 2.5 2 1 3 5 5
-6484.2 12079.4 -35.7 90 0 8.3 23.0 2.5 2.5 2 1 1 0 0
-6636.6 12094.0 -35.9 358 0 23.8 18.3 7.5 2.5 4 0 3 2 2
-6366.3 11272.5 -37.0 179 0 32.2 25.0 7.5 0.0 0 0 3 3 3
-6742.6 11278.3 -35.3 360 0 7.8 5.8 7.5 2.5 4 0 3 0 0
-6890.0 11792.2 -35.5 180 0 13.0 14.3 7.5 2.5 2 1 3 1 1
-6872.3 12002.7 -35.5 359 0 4.0 11.0 5.0 2.5 2 1 2 0 0
-6302.2 12085.3 -34.9 271 0 21.5 15.6 10.0 2.5 4 0 4 4 4
-6819.9 11401.0 -35.2 357 0 6.1 17.6 5.0 2.5 2 1 2 4 4
-6520.4 12092.5 -36.0 90 0 16.9 12.5 5.0 2.5 2 0 2 4 4
-6784.9 11418.2 -35.4 269 0 16.2 35.0 7.5 2.5 2 1 3 0 0
-6843.5 11459.0 -35.1 0 0 4.4 8.1 2.5 2.5 2 1 1 4 4
-6485.9 12124.4 -35.5 270 0 13.9 20.4 10.0 2.5 2 1 4 1 1
-6925.3 12095.7 -35.5 179 0 11.9 9.1 2.5 2.5 2 0 1 3 3
-6887.2 11847.2 -35.6 180 0 28.8 11.7 7.5 2.5 2 0 3 3 3
-6857.4 11853.9 -35.7 270 0 3.9 11.0 7.5 2.5 2 1 3 4 4
-5690.6 11380.5 -37.2 89 0 33.2 51.7 5.0 0.0 0 1 2 4 4
-6680.9 12139.7 -35.8 268 0 11.8 10.9 5.0 2.5 2 0 2 5 5
-6322.4 12046.3 -35.1 179 0 9.5 6.1 5.0 2.5 4 0 2 2 2
-6563.2 12082.1 -36.5 90 0 20.3 13.3 10.0 2.5 2 0 4 0 0
-6923.8 11889.1 -35.5 180 0 4.5 8.6 5.0 2.5 4 1 2 4 4
-6830.9 11393.2 -35.1 179 0 7.0 8.4 7.5 2.5 2 1 3 0 0
-6912.7 11884.8 -35.5 180 0 9.7 8.0 2.5 2.5 2 0 1 5 5
-6847.9 11864.1 -35.7 270 0 11.4 9.4 2.5 2.5 2 0 1 2 2
-6762.3 11276.5 -35.3 181 0 3.4 12.6 2.5 2.5 2 1 1 1 1
-6694.7 12203.8 -36.1 79 0 8.6 14.9 7.5 2.5 2 1 3 2 2
-6912.5 11850.3 -35.5 177 0 19.9 8.1 7.5 2.5 2 0 3 4 4
-5767.1 11452.3 -37.2 182 0 41.8 49.3 12.5 0.0 0 1 5 3 3
-6693.0 12155.0 -35.9 178 0 12.4 18.7 7.5 2.5 2 1 3 2 2
-6910.8 12090.3 -35.3 179 0 5.3 18.2 7.5 2.5 2 1 3 0 0
-6747.8 11347.8 -35.4 2 0 13.2 17.2 7.5 2.5 2 1 3 0 0
-6900.5 11816.4 -35.5 182 0 29.9 24.1 7.5 0.0 0 0 3 0 0
-6927.8 11975.4 -35.6 90 0 27.9 7.8 7.5 2.5 2 0 3 2 2
-6841.1 11469.0 -35.2 1 0 14.2 25.9 7.5 2.5 2 1 3 5 5
-6753.7 11954.7 -35.6 360 0 14.7 36.3 7.5 2.5 2 1 3 1 1
-6634.6 11327.5 -35.8 90 0 10.7 14.1 7.5 2.5 2 1 3 5 5
-6862.6 12193.3 -35.6 179 0 13.5 18.4 7.5 2.5 2 1 3 2 2
-6749.9 11314.8 -35.3 358 0 7.8 5.1 5.0 2.5 4 0 2 3 3
-6722.8 12198.3 -36.0 91 0 11.3 19.9 7.5 2.5 2 1 3 1 1
-6647.5 11334.3 -35.8 88 0 9.0 6.8 7.5 2.5 2 0 3 2 2
-6700.9 12159.2 -35.7 268 0 6.0 9.3 7.5 2.5 2 1 3 2 2
-6758.6 11363.3 -35.4 91 0 12.6 12.9 7.5 2.5 2 1 3 3 3
-6912.5 11834.4 -35.4 174 0 8.5 9.7 2.5 2.5 2 1 1 0 0
-6908.7 11941.5 -35.6 179 0 9.8 3.9 7.5 2.5 2 0 3 4 4
-6569.9 11543.9 -36.5 93 0 26.0 16.0 5.0 2.5 2 0 2 2 2
-5697.9 11568.9 -36.7 269 0 29.2 87.8 7.5 0.0 0 1 3 0 0
-6843.1 11444.2 -35.1 2 0 9.5 17.8 5.0 2.5 2 1 2 3 3
-6614.1 11879.0 -35.9 89 0 15.5 19.3 7.5 2.5 4 1 3 2 2
-6647.9 11358.1 -35.8 271 0 8.9 7.4 2.5 2.5 2 0 1 5 5
-6852.5 11495.6 -35.2 270 0 19.6 15.1 10.0 2.5 2 0 4 2 2
-6835.7 12070.7 -35.1 270 0 8.4 25.1 5.0 0.0 0 1 2 3 3
-6820.7 12266.2 -35.8 268 0 44.5 60.2 10.0 0.0 0 1 4 0 0
-6069.3 11317.7 -38.2 182 0 10.4 13.4 7.5 0.0 0 1 3 0 0
-6842.1 12194.7 -35.6 179 0 15.8 16.1 12.5 2.5 2 1 5 2 2
-6718.6 11484.8 -35.7 268 0 4.0 9.9 2.5 2.5 2 1 1 2 2
-6758.2 11313.7 -35.3 3 0 7.4 7.4 5.0 2.5 2 1 2 1 1
-6700.2 12196.6 -36.0 73 0 5.8 15.9 2.5 2.5 4 1 1 5 5
-6904.8 11978.9 -35.7 178 0 10.9 13.7 5.0 2.5 2 1 2 0 0
-6544.3 11467.7 -36.4 359 0 10.1 33.1 10.0 2.5 2 1 4 1 1
-6663.9 12082.9 -35.7 88 0 10.3 10.5 2.5 2.5 2 1 1 4 4
-5769.6 11504.0 -36.8 181 0 41.8 51.1 10.0 0.0 0 1 4 4 4
-1493.4 11598.7 -29.3 89 0 6.7 14.6 7.5 2.5 2 1 3 4 4
-1415.9 11031.8 -25.7 208 0 17.2 15.0 5.0 2.5 2 0 2 0 0
-1789.6 11249.9 -27.8 89 0 9.1 18.1 7.5 2.5 2 1 3 2 2
-1316.2 11122.7 -28.0 24 0 6.6 14.7 5.0 2.5 2 1 2 0 0
-1458.5 11021.6 -25.1 32 0 8.8 4.4 7.5 2.5 2 0 3 0 0
-1540.6 11445.6 -28.9 182 0 8.6 10.1 7.5 2.5 2 1 3 2 2
-1552.9 11258.1 -28.4 215 0 9.4 4.0 5.0 2.5 2 0 2 2 2
-1675.3 11370.1 -27.4 272 0 8.3 10.7 5.0 2.5 2 1 2 2 2
-1779.0 11248.8 -27.5 93 0 9.8 17.4 7.5 2.5 2 1 3 0 0
-1685.6 11298.2 -26.6 306 0 4.1 17.7 5.0 2.5 2 1 2 1 1
-1314.8 11017.7 -26.2 21 0 7.2 22.6 5.0 2.5 2 1 2 4 4
-1766.4 11194.3 -26.1 36 0 8.5 19.1 5.0 2.5 2 1 2 1 1
-1664.3 11349.3 -26.9 273 0 6.2 5.0 2.5 2.5 2 0 1 4 4
-1390.9 11153.0 -27.9 23 0 5.9 13.1 7.5 2.5 2 1 3 0 0
-1485.0 11249.7 -28.8 218 0 8.7 5.6 5.0 2.5 2 0 2 1 1
-1439.3 10977.9 -24.9 102 0 13.8 21.9 10.0 2.5 2 1 4 0 0
-1380.4 11042.4 -26.1 292 0 3.9 10.2 5.0 2.5 2 1 2 2 2
-1763.9 11347.9 -28.7 224 0 7.2 7.3 7.5 0.0 0 1 3 2 2
-1517.4 11250.5 -28.5 37 0 6.7 10.8 5.0 2.5 2 1 2 4 4
-1474.8 11315.1 -30.2 117 0 14.4 14.6 2.5 2.5 2 1 1 4 4
-1544.9 11173.5 -27.0 218 0 14.2 6.6 7.5 2.5 2 0 3 0 0
-1675.6 11339.1 -26.9 115 0 4.4 9.6 5.0 0.0 0 1 2 5 5
-1493.2 11254.3 -28.8 217 0 12.6 7.3 7.5 2.5 4 0 3 4 4
-1566.2 11230.2 -28.0 127 0 8.0 15.2 2.5 2.5 2 1 1 4 4
-1819.6 11255.0 -28.4 91 0 3.4 13.7 5.0 0.0 0 1 2 5 5
-1535.8 11272.3 -28.7 300 0 5.7 10.3 2.5 2.5 2 1 1 4 4
-1504.6 11184.8 -27.4 308 0 3.6 14.6 2.5 2.5 2 1 1 2 2
-1330.2 11284.6 -30.7 35 0 10.5 7.2 7.5 0.0 0 0 3 4 4
-1311.9 11135.1 -28.3 16 0 10.0 9.8 2.5 2.5 2 0 1 5 5
-1730.8 11406.3 -29.3 183 0 12.5 5.2 2.5 2.5 2 0 1 2 2
-1699.5 11322.5 -27.0 308 0 6.3 7.5 7.5 2.5 2 1 3 0 0
-1480.4 11368.2 -29.9 274 0 8.5 7.7 5.0 2.5 2 0 2 3 3
-1827.2 11203.9 -26.2 90 0 13.5 10.5 2.5 2.5 2 0 1 0 0
-1530.0 11330.5 -29.2 127 0 9.5 6.8 7.5 2.5 2 0 3 2 2
-1661.3 11368.9 -27.1 273 0 9.7 9.6 5.0 2.5 2 0 2 3 3
-1427.0 11028.5 -25.6 122 0 12.7 9.5 5.0 2.5 4 0 2 0 0
-1718.2 11408.9 -29.1 273 0 7.9 9.4 7.5 2.5 2 1 3 5 5
-1693.4 11316.8 -26.8 304 0 7.2 15.5 7.5 2.5 2 1 3 2 2
-1685.8 11366.7 -27.6 271 0 9.3 9.5 5.0 0.0 0 1 2 2 2
-1357.5 11170.9 -28.5 339 0 7.4 6.7 5.0 2.5 2 0 2 5 5
-1509.3 11198.1 -27.9 127 0 5.1 12.5 7.5 2.5 2 1 3 0 0
-1675.7 11357.8 -27.2 269 0 9.3 6.9 5.0 2.5 2 0 2 1 1
-1505.6 11268.7 -29.0 5 0 18.5 12.8 2.5 2.5 2 0 1 0 0
-1541.4 11255.7 -28.4 32 0 8.6 6.5 2.5 2.5 2 0 1 0 0
-1803.6 11189.2 -26.1 219 0 10.6 27.2 7.5 2.5 4 1 3 4 4
-1497.0 11192.8 -27.7 37 0 7.9 6.2 7.5 2.5 2 0 3 0 0
-1686.6 11355.7 -27.4 270 0 8.6 5.5 5.0 2.5 2 0 2 0 0
-1525.9 11263.7 -28.7 17 0 12.4 8.4 7.5 2.5 2 0 3 3 3
-1435.6 11016.2 -25.3 209 0 20.8 21.9 7.5 2.5 2 1 3 0 0
-1523.2 11244.3 -28.4 40 0 6.7 8.2 7.5 2.5 2 1 3 3 3
-1310.4 11170.7 -28.9 2 0 12.7 7.4 2.5 0.0 0 0 1 2 2
-1596.3 11239.5 -27.8 125 0 4.9 7.9 5.0 2.5 2 1 2 3 3
-1537.0 11227.6 -28.0 124 0 7.3 5.2 2.5 2.5 2 0 1 4 4
-1555.7 11224.1 -27.9 125 0 12.9 13.6 5.0 2.5 2 1 2 0 0
-1583.2 11297.0 -28.3 22 0 5.0 11.9 5.0 2.5 2 1 2 2 2
-1827.7 11252.0 -28.6 91 0 9.4 16.9 7.5 2.5 2 1 3 1 1
-1513.8 11184.0 -27.4 307 0 5.0 17.5 5.0 2.5 2 1 2 4 4
-1557.3 11370.3 -28.6 293 0 4.6 7.3 7.5 2.5 2 1 3 4 4
-1843.8 11210.5 -26.2 182 0 9.1 6.2 7.5 2.5 2 0 3 1 1
-1730.9 11381.5 -28.8 183 0 12.4 7.3 5.0 0.0 0 0 2 0 0
-1463.1 11074.0 -26.2 123 0 3.8 17.2 7.5 2.5 2 1 3 2 2
-1737.7 11307.5 -27.5 123 0 5.9 8.3 7.5 0.0 0 1 3 1 1
-1588.9 11380.1 -28.1 93 0 11.9 21.9 7.5 0.0 0 1 3 1 1
-1380.1 11270.8 -30.0 206 0 7.7 10.1 7.5 0.0 0 1 3 5 5
-1731.9 11394.0 -29.0 183 0 8.7 17.5 2.5 2.5 2 1 1 4 4
-1704.3 11314.2 -26.9 308 0 7.1 7.9 5.0 2.5 2 1 2 5 5
-1565.0 11367.4 -28.5 293 0 5.4 12.0 2.5 2.5 2 1 1 0 0
-1827.4 11241.4 -27.8 273 0 13.9 24.8 12.5 2.5 2 1 5 5 5
-1417.3 11231.7 -29.1 127 0 12.3 10.1 7.5 2.5 2 0 3 0 0
-1515.4 11193.8 -27.6 218 0 8.5 8.6 5.0 2.5 2 1 2 3 3
-1603.5 11381.2 -27.9 93 0 8.8 27.7 5.0 2.5 2 1 2 1 1
-1503.2 11282.7 -29.2 6 0 6.0 12.5 7.5 2.5 2 1 3 5 5
-1348.0 11277.2 -30.4 19 0 7.7 8.1 7.5 2.5 2 1 3 5 5
-1730.0 11441.6 -30.1 93 0 10.0 8.8 2.5 0.0 0 0 1 1 1
-1418.6 11173.1 -28.0 299 0 13.1 15.6 7.5 2.5 2 1 3 1 1
-1687.8 11398.8 -28.3 93 0 7.2 6.8 2.5 2.5 2 0 1 5 5
-1342.5 11274.9 -30.4 24 0 9.6 4.7 7.5 2.5 4 0 3 5 5
-1735.3 11392.0 -29.3 3 0 9.3 8.4 7.5 2.5 2 0 3 4 4
-1451.2 11180.9 -27.9 207 0 9.5 14.2 7.5 2.5 2 1 3 1 1
-1631.1 11381.0 -27.5 93 0 12.8 18.1 2.5 2.5 2 1 1 3 3
-1404.5 11094.9 -26.9 214 0 12.2 16.7 2.5 2.5 2 1 1 0 0
-1548.1 11369.7 -28.8 294 0 7.6 12.7 2.5 2.5 2 1 1 5 5
-1616.8 11384.3 -27.7 93 0 12.1 15.2 5.0 0.0 0 1 2 4 4
-1429.0 11079.4 -26.4 132 0 12.1 8.4 5.0 2.5 2 0 2 2 2
-1446.4 11053.4 -25.8 212 0 13.3 14.4 5.0 2.5 2 1 2 4 4
-1512.7 11296.8 -29.5 115 0 7.4 10.5 5.0 2.5 2 1 2 5 5
-1679.0 11316.2 -26.8 119 0 7.7 22.1 2.5 2.5 2 1 1 1 1
-1703.9 11400.8 -28.6 183 0 9.0 11.9 7.5 2.5 2 1 3 3 3
-1416.9 11179.9 -28.2 30 0 12.1 19.3 5.0 0.0 0 1 2 4 4
-1406.8 11202.3 -28.6 303 0 4.5 16.6 7.5 2.5 2 1 3 1 1
-1671.6 11388.3 -27.8 93 0 10.6 5.4 7.5 0.0 0 0 3 0 0
-1359.1 11121.6 -27.6 36 0 5.2 13.0 7.5 2.5 2 1 3 3 3
-1789.8 11339.0 -29.4 0 0 10.6 10.7 7.5 2.5 2 1 3 1 1
-1396.4 11107.9 -27.2 213 0 14.4 20.4 5.0 2.5 4 1 2 4 4
-1446.4 10998.8 -24.9 209 0 18.2 6.1 5.0 2.5 2 0 2 5 5
-1494.1 11153.1 -27.1 213 0 12.0 20.8 10.0 2.5 2 1 4 3 3
-1596.5 11309.5 -28.2 203 0 5.9 12.6 5.0 2.5 2 1 2 1 1
-1824.8 11337.4 -29.9 179 0 9.5 7.0 2.5 2.5 2 0 1 4 4
-1533.4 11208.6 -27.8 127 0 6.3 9.9 2.5 2.5 2 1 1 2 2
-1449.5 11189.7 -28.2 121 0 3.6 14.2 7.5 2.5 2 1 3 2 2
-1503.4 11076.7 -25.7 216 0 8.2 17.1 5.0 2.5 2 1 2 1 1
-1561.5 11300.7 -28.7 102 0 9.7 4.5 7.5 2.5 2 0 3 3 3
-1516.0 11345.1 -29.3 32 0 7.3 7.1 7.5 2.5 2 0 3 4 4
-1451.9 11152.5 -27.5 206 0 14.8 10.2 5.0 2.5 2 0 2 3 3
-1382.3 11128.9 -27.6 210 0 16.1 7.2 7.5 0.0 0 0 3 4 4
-1643.6 11289.0 -27.3 300 0 4.0 11.4 7.5 2.5 2 1 3 2 2
-1494.2 11086.4 -26.0 213 0 14.4 21.1 7.5 2.5 2 1 3 2 2
-1464.2 11220.4 -28.5 37 0 8.1 6.6 2.5 2.5 2 0 1 1 1
-1601.2 11343.2 -28.0 207 0 8.8 7.1 5.0 2.5 2 0 2 4 4
-1395.4 11285.0 -30.1 201 0 5.1 9.1 7.5 2.5 2 1 3 0 0
-1576.8 11317.7 -28.4 25 0 22.5 9.1 5.0 2.5 4 0 2 5 5
-1354.1 11109.3 -27.5 207 0 6.3 12.7 7.5 2.5 2 1 3 3 3
-1476.5 11307.5 -29.8 210 0 7.9 8.8 5.0 2.5 2 1 2 2 2
-1525.9 11223.4 -28.0 217 0 9.8 8.0 7.5 0.0 0 0 3 5 5
-1346.4 11050.1 -26.6 24 0 17.1 12.3 5.0 2.5 2 0 2 4 4
-1676.8 11277.4 -26.8 312 0 12.6 5.7 7.5 0.0 0 0 3 3 3
-1559.8 11288.2 -28.8 204 0 10.6 7.2 5.0 2.5 2 0 2 0 0
-1318.2 10991.3 -25.8 14 0 16.4 11.3 5.0 2.5 2 0 2 0 0
-1375.9 11229.8 -29.4 32 0 14.8 14.8 5.0 2.5 2 1 2 3 3
-1721.3 11367.2 -28.4 282 0 12.2 7.5 5.0 2.5 2 0 2 4 4
-1566.9 11316.9 -28.5 23 0 9.2 7.6 7.5 2.5 4 0 3 1 1
-1701.7 11364.5 -27.9 275 0 15.6 16.5 10.0 2.5 2 1 4 5 5
-1529.1 11325.7 -29.1 38 0 5.2 14.7 5.0 2.5 2 1 2 2 2
-1781.7 11347.7 -29.3 0 0 4.0 8.6 5.0 2.5 2 1 2 5 5
-1692.1 11334.1 -27.1 115 0 4.4 13.4 5.0 2.5 4 1 2 1 1
-1503.3 11015.5 -24.7 206 0 16.3 20.4 7.5 2.5 2 1 3 4 4
-1590.7 11372.9 -28.2 279 0 15.8 5.2 7.5 2.5 2 0 3 1 1
-1380.1 11340.0 -31.1 272 0 7.1 20.1 7.5 2.5 2 1 3 5 5
-1740.1 11298.0 -27.6 39 0 8.1 12.7 5.0 2.5 2 1 2 4 4
-1335.9 11170.9 -28.8 183 0 9.7 14.4 5.0 2.5 2 1 2 0 0
-1428.6 11221.8 -28.9 128 0 5.4 10.7 5.0 2.5 2 1 2 5 5
-1639.6 11267.7 -27.4 305 0 5.9 8.7 7.5 2.5 2 1 3 1 1
-1571.1 11269.1 -28.5 214 0 14.3 9.8 2.5 2.5 2 0 1 1 1
-1451.5 11306.4 -30.0 29 0 6.3 14.9 7.5 2.5 4 1 3 5 5
-1516.4 11434.5 -29.2 357 0 28.4 11.1 7.5 2.5 2 0 3 0 0
-1691.2 11328.4 -26.9 209 0 9.6 9.5 2.5 2.5 2 0 1 1 1
-1458.3 11293.7 -29.8 29 0 17.2 11.7 5.0 2.5 2 0 2 1 1
-1453.7 11059.4 -25.8 120 0 11.6 3.3 7.5 2.5 2 0 3 5 5
-1563.2 11277.3 -28.6 200 0 5.1 21.4 7.5 0.0 0 1 3 0 0
-1383.1 11001.0 -25.5 108 0 7.3 8.0 2.5 2.5 2 1 1 5 5
-1374.9 11247.6 -29.6 28 0 6.2 5.9 5.0 2.5 2 0 2 0 0
-1419.9 11289.4 -30.2 106 0 22.9 15.9 10.0 2.5 4 0 4 5 5
-1682.7 11332.9 -26.9 119 0 9.5 7.1 5.0 2.5 2 0 2 3 3
-1757.4 11258.8 -26.9 215 0 6.9 22.7 7.5 2.5 2 1 3 1 1
-1732.1 11435.0 -29.9 183 0 8.3 8.1 2.5 2.5 2 0 1 1 1
-1577.7 11348.3 -28.4 293 0 10.3 10.4 5.0 2.5 2 1 2 2 2
-1402.4 11372.0 -31.3 273 0 16.3 13.0 5.0 2.5 4 0 2 0 0
-1601.9 11227.4 -27.5 42 0 9.9 8.8 5.0 2.5 2 0 2 4 4
-1426.8 11333.0 -30.7 201 0 12.1 11.2 5.0 2.5 2 0 2 0 0
-1723.1 11342.7 -28.1 100 0 15.1 13.5 7.5 2.5 2 0 3 5 5
-1702.2 11241.1 -26.5 231 0 7.4 6.3 5.0 2.5 2 0 2 1 1
-1564.8 11425.0 -28.5 180 0 8.7 8.9 2.5 2.5 2 1 1 5 5
-1500.0 11490.4 -29.4 358 0 35.4 13.8 7.5 2.5 4 0 3 0 0
-1712.0 11385.6 -28.6 3 0 5.6 9.5 7.5 2.5 2 1 3 5 5
-1422.3 11127.9 -27.2 308 0 6.0 15.9 2.5 2.5 2 1 1 0 0
-1718.7 11253.4 -26.4 133 0 6.1 24.9 7.5 2.5 2 1 3 3 3
-1543.0 11403.5 -28.9 88 0 12.2 16.6 7.5 2.5 2 1 3 0 0
-1672.6 11222.9 -26.7 209 0 3.1 11.5 7.5 2.5 2 1 3 2 2
-1523.4 11393.4 -29.1 90 0 4.3 8.3 5.0 2.5 2 1 2 1 1
-1429.4 11132.0 -27.2 310 0 8.2 13.3 2.5 2.5 2 1 1 3 3
-1582.0 11409.2 -28.1 3 0 11.8 13.1 10.0 2.5 2 1 4 1 1
-1394.0 11260.8 -29.7 295 0 15.5 9.6 2.5 2.5 2 0 1 1 1
-1438.8 11296.5 -30.0 108 0 14.0 8.2 7.5 2.5 2 0 3 5 5
-1388.1 11372.7 -31.4 273 0 6.7 16.5 7.5 0.0 0 1 3 5 5
-1799.4 11253.8 -28.0 89 0 7.1 14.8 2.5 2.5 2 1 1 0 0
-1471.9 11364.1 -30.0 280 0 6.2 6.8 2.5 2.5 2 1 1 2 2
-1427.7 11059.6 -26.0 212 0 9.6 5.9 5.0 2.5 2 0 2 2 2
-1534.9 11244.6 -28.3 39 0 6.8 7.6 2.5 2.5 2 1 1 3 3
-1569.2 11403.2 -28.3 3 0 13.1 11.0 5.0 2.5 2 0 2 3 3
-1841.4 11290.8 -29.4 178 0 11.9 7.3 5.0 2.5 2 0 2 5 5
-1371.8 11055.3 -26.3 295 0 10.0 8.6 5.0 2.5 4 0 2 4 4
-1463.5 11200.3 -28.1 27 0 6.5 7.0 7.5 2.5 2 1 3 5 5
-1458.5 11364.7 -30.4 275 0 18.7 19.8 7.5 2.5 2 1 3 2 2
-1435.9 11237.3 -29.0 37 0 4.1 9.5 2.5 2.5 4 1 1 3 3
-1603.0 11411.9 -27.8 88 0 10.5 9.8 2.5 2.5 2 0 1 5 5
-1631.8 11374.0 -27.5 274 0 18.1 15.4 10.0 2.5 2 0 4 1 1
-1809.9 11249.9 -28.2 91 0 7.9 17.7 7.5 2.5 2 1 3 5 5
-1413.6 11081.7 -26.6 217 0 18.2 13.0 2.5 2.5 2 0 1 1 1
-1580.2 11419.0 -28.1 0 0 4.3 14.4 7.5 2.5 2 1 3 1 1
-1812.9 11202.7 -26.7 91 0 7.2 19.0 7.5 2.5 2 1 3 3 3
-1382.4 11167.3 -28.3 73 0 6.4 8.1 5.0 2.5 2 1 2 2 2
-1832.2 11288.9 -29.1 177 0 7.5 5.8 5.0 2.5 2 0 2 1 1
-1532.6 11238.6 -28.2 39 0 8.3 4.5 5.0 2.5 4 0 2 5 5
-1508.2 11208.2 -28.0 127 0 3.1 12.1 5.0 2.5 2 1 2 5 5
-1561.8 11290.8 -28.6 20 0 14.7 13.6 7.5 2.5 2 0 3 1 1
-1599.1 11434.7 -27.8 358 0 20.6 10.4 7.5 0.0 0 0 3 3 3
-1763.2 11271.7 -27.4 42 0 8.2 4.5 7.5 2.5 2 0 3 3 3
-1745.4 11379.0 -29.1 183 0 12.7 10.6 5.0 2.5 2 0 2 2 2
-1633.7 11257.4 -27.5 304 0 7.0 7.9 7.5 2.5 2 1 3 3 3
-1446.1 11226.9 -28.8 127 0 7.6 11.3 5.0 2.5 4 1 2 0 0
-1592.9 11440.8 -27.9 359 0 13.0 4.0 7.5 2.5 2 0 3 2 2
-1620.6 11314.3 -27.6 22 0 10.2 15.5 10.0 2.5 2 1 4 0 0
-1504.6 11232.4 -28.4 217 0 14.0 12.5 2.5 2.5 2 0 1 3 3
-1518.2 11197.1 -27.8 127 0 3.3 13.3 7.5 0.0 0 1 3 3 3
-1489.6 11043.0 -25.3 39 0 6.8 14.9 5.0 2.5 2 1 2 1 1
-1488.4 11313.7 -29.8 35 0 6.0 9.1 5.0 2.5 2 1 2 0 0
-1657.1 11276.8 -27.1 304 0 4.8 10.1 5.0 2.5 2 1 2 0 0
-1575.6 11308.7 -28.4 24 0 7.9 4.1 2.5 2.5 2 0 1 5 5
-1670.1 11310.6 -27.0 119 0 8.2 18.5 7.5 2.5 2 1 3 3 3
-1512.0 11149.8 -26.9 33 0 12.6 15.2 5.0 2.5 2 1 2 4 4
-1357.7 11374.6 -31.9 273 0 11.3 7.6 5.0 2.5 2 0 2 2 2
-1576.2 11297.2 -28.4 22 0 10.6 3.7 7.5 2.5 2 0 3 1 1
-1499.6 11274.9 -29.1 201 0 6.3 9.7 7.5 2.5 2 1 3 3 3
-1625.0 11229.8 -27.3 40 0 11.8 9.6 5.0 2.5 4 0 2 0 0
-1625.7 11328.1 -27.5 19 0 6.8 11.9 7.5 2.5 2 1 3 2 2
-1557.4 11305.2 -28.8 115 0 6.6 7.4 7.5 2.5 2 1 3 1 1
-1497.1 11293.8 -29.4 210 0 9.2 6.4 7.5 2.5 2 0 3 2 2
-1628.3 11289.1 -27.5 22 0 8.3 8.4 7.5 2.5 2 1 3 2 2
-1620.9 11339.9 -27.6 191 0 11.0 4.0 5.0 2.5 2 0 2 1 1
-1594.4 11265.4 -28.1 38 0 8.7 10.9 7.5 2.5 2 1 3 3 3
-1527.5 11313.4 -29.3 204 0 7.8 10.0 5.0 2.5 2 1 2 0 0
-1514.4 11219.8 -28.1 217 0 11.1 8.6 7.5 2.5 2 0 3 3 3
-1427.8 11237.7 -29.1 128 0 5.8 8.5 7.5 2.5 4 1 3 4 4
-1426.5 11212.2 -28.6 301 0 7.8 13.3 5.0 0.0 0 1 2 0 0
-1382.6 11304.2 -30.6 195 0 7.0 15.7 5.0 2.5 2 1 2 4 4
-1712.0 11421.8 -29.2 183 0 12.9 3.0 2.5 2.5 2 0 1 3 3
-1367.9 11073.3 -26.7 307 0 23.1 14.9 7.5 2.5 4 0 3 2 2
-1707.2 11411.8 -28.9 183 0 10.3 4.7 7.5 2.5 2 0 3 2 2
-1329.4 11337.9 -31.5 28 0 5.3 10.2 7.5 2.5 2 1 3 5 5
-1693.3 11380.6 -28.4 3 0 17.1 17.3 10.0 2.5 2 1 4 1 1
-1482.7 11300.2 -29.6 301 0 11.5 5.2 2.5 2.5 2 0 1 3 3
-1409.1 10977.4 -25.4 108 0 11.8 36.5 12.5 2.5 2 1 5 1 1
-1406.4 11213.5 -28.9 36 0 15.5 10.5 10.0 2.5 2 0 4 5 5
-1496.4 10989.3 -24.7 120 0 10.1 10.0 2.5 2.5 2 0 1 2 2
-1515.0 11090.0 -26.0 181 0 12.7 16.3 7.5 2.5 2 1 3 3 3
-1399.4 11015.8 -25.6 108 0 6.1 5.9 7.5 2.5 2 0 3 3 3
-1712.5 11441.7 -29.6 183 0 8.1 8.8 7.5 2.5 2 1 3 2 2
-1480.9 11220.0 -28.3 127 0 8.1 4.8 2.5 2.5 4 0 1 1 1
-1392.1 11301.6 -30.5 109 0 10.8 8.0 5.0 2.5 2 0 2 3 3
-1326.0 11091.7 -27.5 25 0 17.6 18.0 10.0 2.5 2 1 4 1 1
-1549.9 11444.1 -28.7 185 0 7.7 5.9 7.5 2.5 2 0 3 3 3
-1438.1 11134.9 -27.2 305 0 5.0 14.6 7.5 2.5 2 1 3 1 1
-1450.2 11033.2 -25.5 38 0 18.0 6.6 2.5 2.5 2 0 1 0 0
-1460.0 11094.4 -26.4 217 0 10.3 4.8 7.5 2.5 2 0 3 1 1
-1488.1 11026.3 -25.0 211 0 8.8 16.7 7.5 2.5 2 1 3 5 5
-1393.9 10993.2 -25.4 108 0 3.5 18.4 5.0 2.5 2 1 2 3 3
-1775.7 11354.8 -29.5 3 0 8.0 14.5 2.5 2.5 2 1 1 3 3
-1479.8 11097.6 -26.3 213 0 14.5 4.0 7.5 2.5 2 0 3 1 1
-1487.5 11178.0 -27.5 210 0 6.6 8.3 2.5 2.5 2 1 1 4 4
-1498.9 11243.6 -28.5 217 0 6.7 12.7 5.0 2.5 2 1 2 4 4
-1396.4 11349.1 -31.4 183 0 9.9 20.2 7.5 0.0 0 1 3 5 5
-1512.2 11002.1 -24.8 208 0 8.1 13.3 5.0 2.5 2 1 2 1 1
-1500.5 11123.5 -26.5 199 0 5.8 8.9 5.0 2.5 2 1 2 0 0
-1334.3 11156.8 -28.6 181 0 13.5 14.7 5.0 0.0 0 1 2 2 2
-1361.3 11097.9 -27.3 212 0 16.8 12.3 7.5 2.5 2 0 3 5 5
-1373.5 10997.1 -25.5 108 0 7.3 8.4 5.0 2.5 2 1 2 2 2
-1455.9 11231.2 -28.8 127 0 5.5 7.4 2.5 2.5 2 1 1 4 4
-1389.2 11138.7 -28.1 116 0 11.9 27.2 5.0 2.5 2 1 2 2 2
-1339.3 11139.1 -28.2 197 0 9.9 12.0 5.0 2.5 2 1 2 5 5
-1359.6 10979.7 -25.4 105 0 11.0 10.7 5.0 2.5 2 0 2 0 0
-1498.7 11179.2 -27.4 308 0 9.0 22.8 7.5 2.5 2 1 3 2 2
274.1 10926.4 -31.4 309 0 4.9 12.0 2.5 2.5 2 1 1 5 5
287.8 10966.7 -32.0 303 0 9.6 12.8 7.5 2.5 2 1 3 4 4
308.0 10917.0 -32.9 215 0 8.2 15.9 7.5 2.5 2 1 3 2 2
418.8 10946.6 -34.1 218 0 5.9 9.8 5.0 2.5 2 1 2 5 5
351.6 10859.8 -33.8 128 0 9.5 10.6 2.5 2.5 2 1 1 3 3
416.1 10934.8 -34.2 129 0 11.5 7.2 5.0 2.5 2 0 2 0 0
438.7 10897.1 -34.7 32 0 8.0 6.2 7.5 2.5 4 0 3 0 0
274.2 10937.3 -32.0 129 0 7.3 13.8 7.5 2.5 2 1 3 4 4
438.9 10947.5 -34.3 306 0 5.9 12.2 7.5 2.5 2 1 3 0 0
307.1 10819.7 -32.4 32 0 8.9 12.6 5.0 2.5 2 1 2 1 1
280.1 10911.9 -32.2 220 0 15.8 15.8 2.5 2.5 2 0 1 2 2
449.7 10932.3 -34.5 37 0 9.8 13.9 7.5 2.5 4 1 3 2 2
274.0 10837.3 -31.9 35 0 8.3 9.4 7.5 2.5 2 1 3 1 1
311.6 10891.5 -33.0 129 0 13.3 13.4 10.0 0.0 0 1 4 5 5
258.2 10883.6 -31.8 216 0 10.5 20.8 7.5 2.5 2 1 3 4 4
420.9 10857.1 -34.7 35 0 6.7 10.1 7.5 2.5 2 1 3 4 4
299.1 10956.7 -32.3 316 0 12.3 15.3 5.0 2.5 2 1 2 4 4
319.7 10762.1 -32.9 36 0 11.3 6.0 5.0 2.5 2 0 2 4 4
-1173.9 11065.0 -28.4 91 0 28.1 11.7 7.5 2.5 2 0 3 1 1
358.6 10868.2 -33.8 128 0 6.8 14.4 7.5 2.5 4 1 3 5 5
280.5 10922.3 -31.7 309 0 6.7 14.4 7.5 2.5 2 1 3 3 3
276.1 10900.3 -31.6 307 0 10.4 17.6 5.0 2.5 2 1 2 4 4
310.1 10834.4 -32.5 301 0 15.0 8.1 2.5 2.5 2 0 1 0 0
439.8 10905.8 -34.7 115 0 6.0 8.4 7.5 0.0 0 1 3 1 1
300.8 10797.5 -32.6 313 0 13.7 8.7 7.5 2.5 2 0 3 0 0
305.9 11025.9 -31.9 174 0 16.8 11.2 5.0 0.0 0 0 2 2 2
400.3 10893.8 -34.2 305 0 11.5 5.2 5.0 2.5 2 0 2 5 5
265.5 11028.9 -31.2 214 0 11.5 7.5 7.5 2.5 2 0 3 4 4
255.9 11019.0 -31.0 39 0 25.1 24.3 7.5 0.0 0 0 3 3 3
-965.5 12090.7 -30.4 275 0 5.0 7.8 7.5 2.5 2 1 3 4 4
429.5 10840.8 -35.1 210 0 9.9 6.2 5.0 2.5 2 0 2 2 2
292.7 10756.6 -32.6 10 0 5.3 13.4 7.5 0.0 0 1 3 0 0
-1216.8 11505.2 -34.0 271 0 6.9 8.0 5.0 0.0 0 1 2 3 3
436.2 10838.3 -35.2 212 0 10.9 7.5 7.5 2.5 4 0 3 1 1
375.0 10930.2 -33.7 221 0 8.6 11.3 7.5 2.5 2 1 3 1 1
-1160.8 11818.9 -31.6 274 0 7.9 5.1 2.5 2.5 2 0 1 0 0
558.0 10863.9 -36.9 272 0 16.3 16.5 7.5 2.5 2 1 3 5 5
-1118.2 11071.0 -28.8 1 0 11.4 35.3 10.0 0.0 0 1 4 2 2
635.9 11195.1 -35.1 93 0 5.6 8.4 5.0 2.5 2 1 2 5 5
284.1 10894.1 -31.8 306 0 9.0 17.5 5.0 2.5 4 1 2 3 3
-1209.0 11804.2 -32.2 94 0 11.1 7.0 2.5 2.5 2 0 1 2 2
289.4 10992.7 -31.8 315 0 6.8 11.3 5.0 2.5 2 1 2 5 5
499.1 11087.6 -32.4 93 0 4.0 14.0 2.5 0.0 0 1 1 2 2
572.6 11146.8 -33.8 273 0 15.7 23.3 10.0 2.5 2 1 4 4 4
-1119.2 11831.5 -31.2 274 0 8.9 4.7 2.5 0.0 0 0 1 1 1
407.4 10917.9 -34.2 124 0 8.8 6.2 5.0 2.5 2 0 2 5 5
-1210.3 11470.1 -34.2 93 0 9.3 13.7 2.5 2.5 2 1 1 3 3
231.1 11033.7 -30.6 126 0 7.2 7.8 5.0 2.5 2 1 2 5 5
-4485.3 11398.2 -31.5 297 0 6.0 18.4 7.5 2.5 2 1 3 4 4
-1203.3 11117.8 -28.8 271 0 9.2 7.9 5.0 2.5 4 0 2 4 4
-4127.0 11321.5 -32.9 87 0 16.6 27.2 10.0 2.5 2 1 4 4 4
291.9 10928.0 -32.3 39 0 14.2 8.3 7.5 2.5 2 0 3 2 2
-4424.8 11269.7 -28.8 117 0 9.1 9.8 5.0 2.5 2 1 2 0 0
-4477.4 11363.1 -30.8 299 0 4.4 7.1 2.5 2.5 2 1 1 3 3
-4096.9 11339.8 -33.8 357 0 24.8 17.5 10.0 0.0 0 0 4 3 3
-4258.1 11286.7 -26.3 32 0 14.0 3.9 5.0 2.5 2 0 2 4 4
-4257.8 11332.2 -27.6 275 0 14.2 3.1 5.0 2.5 2 0 2 1 1
-1128.8 11124.8 -29.7 272 0 45.8 9.8 7.5 2.5 2 0 3 1 1
-4475.5 11398.3 -31.3 313 0 3.5 10.1 7.5 2.5 4 1 3 2 2
-4254.8 11272.3 -26.3 35 0 3.5 9.6 5.0 2.5 2 1 2 0 0
551.7 10816.1 -37.1 94 0 9.7 16.0 5.0 2.5 4 1 2 2 2
-4206.1 11284.0 -28.0 31 0 18.8 19.9 10.0 2.5 2 1 4 2 2
-1224.4 11049.4 -28.3 93 0 23.6 47.4 10.0 2.5 2 1 4 3 3
-1063.1 11531.9 -36.5 94 0 7.7 5.7 7.5 2.5 2 0 3 1 1
425.5 10899.6 -34.6 118 0 10.6 20.7 2.5 2.5 2 1 1 4 4
-1149.5 11790.5 -32.6 94 0 8.3 10.8 7.5 0.0 0 1 3 2 2
-1091.2 11099.8 -29.6 359 0 20.0 11.2 2.5 2.5 2 0 1 3 3
-4408.1 11396.9 -30.2 124 0 6.3 7.2 5.0 2.5 2 1 2 1 1
-4388.5 11356.9 -29.5 310 0 21.5 9.4 5.0 2.5 2 0 2 3 3
-1207.1 11816.2 -31.9 184 0 4.2 14.3 7.5 2.5 4 1 3 4 4
-4422.5 11365.6 -30.1 315 0 11.9 7.0 2.5 2.5 2 0 1 0 0
-4402.5 11328.9 -29.1 217 0 4.3 13.9 7.5 2.5 4 1 3 5 5
-4724.5 12095.5 -28.5 269 0 13.5 39.6 7.5 2.5 2 1 3 0 0
-4925.0 12028.5 -29.4 178 0 6.1 6.2 5.0 2.5 2 1 2 0 0
-4446.8 11316.4 -29.7 299 0 4.0 8.5 7.5 2.5 2 1 3 4 4
-4420.9 11354.8 -29.8 210 0 6.3 11.7 7.5 2.5 2 1 3 1 1
-4409.8 11258.2 -28.5 115 0 7.8 38.9 7.5 0.0 0 1 3 1 1
-4454.6 11327.4 -30.0 301 0 6.2 7.2 7.5 2.5 2 1 3 3 3
-4534.6 11441.7 -32.8 221 0 10.8 18.3 5.0 2.5 2 1 2 0 0
-4960.0 12146.1 -41.3 92 0 17.4 18.5 10.0 2.5 2 1 4 1 1
-4431.8 11313.9 -29.4 299 0 6.1 10.9 5.0 2.5 2 1 2 3 3
-4440.2 11315.3 -29.6 300 0 5.7 7.5 7.5 2.5 2 1 3 3 3
-4413.9 11422.9 -30.7 39 0 9.1 7.0 2.5 2.5 2 0 1 4 4
-4509.9 11427.8 -32.3 316 0 8.9 10.4 5.0 2.5 2 1 2 5 5
-4399.0 11463.3 -31.0 332 0 7.5 9.9 5.0 2.5 4 1 2 0 0
-4411.1 11230.0 -29.0 106 0 9.0 9.4 5.0 2.5 2 1 2 0 0
-4435.0 11402.8 -30.9 37 0 5.4 13.4 7.5 2.5 2 1 3 5 5
-4256.7 11319.4 -27.0 295 0 3.0 10.6 5.0 0.0 0 1 2 4 4
-4415.5 11448.0 -31.0 312 0 5.6 22.4 7.5 2.5 2 1 3 3 3
-4405.7 11243.2 -28.3 110 0 7.0 11.3 2.5 2.5 2 1 1 5 5
-4363.7 11327.1 -28.7 311 0 21.2 17.5 7.5 2.5 2 0 3 1 1
-4368.9 11284.9 -28.1 286 0 13.6 16.4 7.5 0.0 0 1 3 1 1
-4140.0 11478.3 -36.9 278 0 14.9 18.1 12.5 2.5 2 1 5 5 5
-4406.1 11350.8 -29.5 219 0 8.6 12.0 7.5 2.5 2 1 3 1 1
-4383.8 11334.5 -29.0 309 0 11.5 7.8 5.0 2.5 2 0 2 1 1
-4208.5 11314.6 -28.7 30 0 3.7 11.2 7.5 2.5 4 1 3 2 2
-4370.4 11347.5 -29.0 310 0 12.7 16.2 5.0 2.5 2 1 2 0 0
-4333.1 11326.1 -28.2 317 0 17.0 15.4 10.0 2.5 2 0 4 0 0
-4437.2 11344.8 -30.0 305 0 14.6 5.9 5.0 0.0 0 0 2 2 2
-4195.6 11300.4 -28.9 27 0 15.0 9.3 7.5 2.5 2 0 3 0 0
-4177.5 11397.0 -33.7 181 0 34.0 16.9 12.5 2.5 2 0 5 4 4
-4472.1 11369.7 -31.0 36 0 6.8 10.5 5.0 2.5 2 1 2 3 3
-4218.0 11330.2 -28.8 296 0 7.5 8.2 5.0 2.5 2 1 2 0 0
-4457.8 11410.5 -31.2 296 0 7.4 12.8 2.5 2.5 2 1 1 2 2
-4467.1 11352.2 -30.7 33 0 4.6 10.0 5.0 2.5 4 1 2 5 5
-4411.9 11405.5 -30.4 308 0 8.2 7.9 5.0 2.5 2 0 2 4 4
-4405.4 11433.9 -30.7 31 0 9.0 4.2 2.5 2.5 2 0 1 3 3
-4640.5 12043.4 -29.1 323 0 14.5 24.2 7.5 0.0 0 1 3 1 1
-4474.5 11408.1 -31.4 216 0 5.0 7.5 7.5 2.5 4 1 3 0 0
-4440.4 11379.4 -30.5 308 0 12.4 15.4 5.0 2.5 2 1 2 2 2
-4395.5 11437.1 -30.6 37 0 10.3 5.0 5.0 2.5 2 0 2 1 1
-4419.7 11411.9 -30.6 35 0 8.2 6.3 5.0 2.5 2 0 2 4 4
-4393.9 11255.6 -28.2 105 0 12.8 21.4 7.5 2.5 2 1 3 0 0
-4780.7 12052.5 -28.7 80 0 4.9 11.3 5.0 2.5 4 1 2 0 0
-4457.5 11418.7 -31.2 213 0 9.7 9.4 5.0 2.5 2 0 2 2 2
-4445.3 11361.8 -30.3 308 0 5.4 7.3 2.5 0.0 0 1 1 4 4
-4433.1 11277.6 -29.1 118 0 7.4 32.6 5.0 0.0 0 1 2 4 4
-4425.2 11310.3 -29.3 298 0 6.1 31.4 7.5 0.0 0 1 3 5 5
-4381.1 11297.1 -28.4 299 0 12.1 4.6 7.5 2.5 2 0 3 5 5
-4418.6 11368.2 -29.9 205 0 8.1 13.0 5.0 2.5 4 1 2 1 1
-4411.7 11322.7 -29.2 220 0 11.1 11.1 5.0 2.5 2 1 2 0 0
-4236.8 11270.2 -26.4 29 0 8.5 19.7 7.5 2.5 2 1 3 3 3
-1716.6 11019.6 -27.9 5 0 18.0 9.6 2.5 2.5 2 0 1 5 5
-1524.8 11121.1 -26.3 33 0 7.4 6.2 2.5 2.5 2 0 1 2 2
-1514.4 11101.9 -26.0 35 0 7.6 7.8 2.5 2.5 2 1 1 4 4
-1722.8 10867.6 -30.1 5 0 27.8 24.5 10.0 0.0 0 0 4 1 1
-1599.1 11048.6 -25.5 123 0 5.7 10.0 2.5 0.0 0 1 1 5 5
-1638.2 11140.0 -25.6 29 0 6.2 6.1 7.5 0.0 0 0 3 5 5
-1648.8 11144.6 -25.7 29 0 8.6 9.1 7.5 2.5 2 1 3 5 5
-1623.5 10980.2 -27.3 186 0 6.9 6.8 2.5 2.5 2 0 1 0 0
-1625.3 11149.3 -25.9 29 0 9.3 8.8 5.0 2.5 2 0 2 3 3
-1531.6 11078.4 -25.5 31 0 8.3 6.4 2.5 2.5 4 0 1 1 1
-1635.5 11190.6 -26.5 299 0 7.2 7.7 5.0 2.5 2 1 2 3 3
-1553.0 11121.9 -26.2 124 0 13.4 14.1 2.5 2.5 4 1 1 2 2
-1737.6 11050.2 -27.7 275 0 18.2 13.5 5.0 2.5 2 0 2 0 0
-1560.9 11110.9 -25.9 123 0 12.7 10.2 2.5 2.5 2 0 1 0 0
-1619.1 11009.2 -26.6 60 0 3.8 9.4 5.0 2.5 4 1 2 4 4
-1528.5 11136.8 -26.4 303 0 5.9 6.2 5.0 2.5 2 1 2 4 4
-1628.0 11023.5 -26.9 306 0 8.8 16.2 5.0 2.5 2 1 2 1 1
-1576.2 11080.6 -25.1 313 0 8.9 4.4 2.5 2.5 2 0 1 4 4
-1590.4 11235.9 -27.7 222 0 10.2 6.0 7.5 2.5 2 0 3 2 2
-1604.5 11215.9 -27.2 318 0 8.9 6.0 5.0 0.0 0 0 2 0 0
-1756.4 11052.4 -27.7 275 0 12.0 14.6 5.0 2.5 2 1 2 3 3
-1921.0 11353.3 -32.4 268 0 25.8 17.1 10.0 2.5 2 0 4 5 5
-1864.4 11386.2 -31.9 2 0 10.0 12.1 2.5 2.5 4 1 1 2 2
-1527.2 11022.1 -24.9 34 0 15.6 13.2 5.0 2.5 2 0 2 2 2
-1717.2 10992.7 -28.4 5 0 32.2 8.9 7.5 2.5 4 0 3 3 3
-1555.4 11173.7 -27.0 41 0 14.2 8.5 7.5 2.5 2 0 3 4 4
-1706.9 10970.6 -28.8 275 0 11.2 23.0 5.0 2.5 2 1 2 5 5
-1610.6 11068.9 -25.4 303 0 7.0 5.4 7.5 2.5 2 0 3 1 1
-1856.8 10996.5 -28.7 181 0 10.5 6.4 5.0 2.5 2 0 2 0 0
-1548.7 11182.1 -27.1 45 0 5.4 7.4 2.5 2.5 2 1 1 5 5
-1707.3 10891.5 -29.5 95 0 16.7 13.5 5.0 2.5 2 0 2 0 0
-1596.5 11213.7 -27.2 222 0 3.9 11.5 5.0 2.5 2 1 2 5 5
-1605.5 11060.4 -25.5 213 0 9.5 6.3 7.5 2.5 2 0 3 4 4
-1598.2 11080.3 -25.0 211 0 10.1 5.1 2.5 2.5 2 0 1 0 0
-1763.9 11001.1 -28.3 185 0 10.6 10.6 10.0 2.5 2 1 4 5 5
-1740.4 10991.6 -28.3 95 0 20.1 20.0 10.0 0.0 0 0 4 2 2
-1589.7 10975.8 -26.8 92 0 12.6 22.8 7.5 2.5 2 1 3 1 1
-1731.4 10982.9 -28.5 5 0 12.0 17.5 10.0 2.5 2 1 4 1 1
-1603.2 11097.9 -25.3 123 0 8.7 9.9 7.5 2.5 2 1 3 1 1
-1601.3 11081.9 -25.1 33 0 15.2 14.6 2.5 2.5 2 0 1 1 1
-1758.1 10979.0 -28.5 95 0 9.3 15.6 2.5 2.5 4 1 1 5 5
-1731.2 11024.1 -27.9 5 0 13.4 15.8 7.5 2.5 2 1 3 0 0
-1560.0 11101.9 -25.7 33 0 10.0 10.1 7.5 2.5 2 1 3 5 5
-1655.5 11197.9 -26.4 289 0 5.6 7.1 5.0 2.5 2 1 2 1 1
-1568.9 11145.7 -26.3 224 0 3.9 8.9 2.5 2.5 2 1 1 1 1
-1642.8 11165.9 -26.1 29 0 11.0 9.8 7.5 2.5 2 0 3 1 1
-1517.9 11059.9 -25.2 298 0 5.7 11.1 2.5 2.5 2 1 1 1 1
-1581.6 11210.7 -27.4 134 0 9.7 7.1 7.5 2.5 2 0 3 1 1
-1594.0 11159.4 -26.3 297 0 20.8 4.1 2.5 2.5 2 0 1 2 2
-1785.1 11389.9 -30.3 87 0 5.3 13.9 7.5 2.5 2 1 3 3 3
-1641.6 11030.1 -26.9 307 0 3.8 9.2 7.5 2.5 2 1 3 0 0
-1790.8 11407.0 -30.7 87 0 4.7 7.5 5.0 2.5 2 1 2 5 5
-1894.1 11364.6 -31.8 184 0 5.4 9.4 5.0 2.5 2 1 2 3 3
-1702.1 10746.9 -31.4 29 0 12.1 8.0 2.5 0.0 0 0 1 1 1
-1573.9 11073.8 -25.1 218 0 7.0 4.6 2.5 2.5 4 0 1 4 4
-1792.6 11396.3 -30.5 87 0 7.9 8.5 2.5 2.5 2 1 1 1 1
-1578.6 11064.9 -24.8 213 0 5.3 6.4 7.5 2.5 2 1 3 0 0
-1652.5 11012.2 -27.2 202 0 4.7 6.4 5.0 2.5 2 1 2 0 0
-1558.2 11091.1 -25.5 214 0 12.3 9.4 2.5 2.5 4 0 1 5 5
-1723.4 10802.3 -31.1 294 0 20.6 26.5 7.5 2.5 4 1 3 5 5
-1638.3 11112.0 -25.2 42 0 8.3 14.8 7.5 2.5 2 1 3 1 1
-1715.9 10782.7 -31.1 290 0 7.6 12.5 7.5 2.5 2 1 3 2 2
-1534.9 10990.5 -25.7 16 0 13.5 13.8 5.0 2.5 2 1 2 5 5
-1641.8 10991.7 -27.5 17 0 6.4 5.1 5.0 2.5 2 0 2 2 2
-1555.9 11066.3 -25.2 201 0 16.6 9.2 7.5 2.5 2 0 3 5 5
-4409.1 11516.2 -31.8 131 0 6.5 6.1 7.5 0.0 0 0 3 3 3
-4342.0 11184.1 -31.3 41 0 21.6 18.3 12.5 2.5 2 0 5 1 1
-4301.2 11386.1 -28.3 44 0 9.4 5.4 7.5 2.5 2 0 3 5 5
-4516.3 11499.2 -33.5 94 0 5.0 13.6 5.0 2.5 2 1 2 0 0
-4317.8 11465.9 -29.7 304 0 8.9 11.7 5.0 2.5 2 1 2 1 1
-4317.3 11433.0 -29.2 309 0 5.5 21.5 7.5 2.5 2 1 3 3 3
-4504.3 11614.4 -34.8 273 0 15.9 28.4 7.5 2.5 2 1 3 3 3
-4409.8 11512.7 -31.9 32 0 4.3 7.9 5.0 2.5 2 1 2 0 0
-4305.1 11186.0 -30.9 38 0 10.4 17.2 10.0 0.0 0 1 4 1 1
-4404.6 11522.2 -31.8 127 0 7.8 11.5 5.0 2.5 2 1 2 2 2
-4353.8 11364.5 -28.8 126 0 3.8 10.3 7.5 2.5 2 1 3 0 0
-4308.2 11441.5 -29.2 305 0 5.8 5.5 5.0 2.5 2 0 2 4 4
-4328.3 11212.9 -29.6 32 0 6.6 6.9 5.0 2.5 2 1 2 1 1
-4310.2 11406.5 -28.8 315 0 6.6 13.7 7.5 2.5 2 1 3 5 5
-4404.2 11506.9 -31.6 127 0 6.0 9.0 2.5 2.5 2 1 1 3 3
-4859.1 11615.6 -32.4 100 0 8.2 5.9 7.5 2.5 2 0 3 0 0
-4327.5 11984.8 -34.4 265 0 4.7 14.1 5.0 2.5 2 1 2 0 0
-4422.2 11699.9 -34.7 91 0 4.9 16.0 2.5 2.5 2 1 1 1 1
-4878.1 11725.2 -31.6 90 0 5.5 11.7 5.0 2.5 2 1 2 1 1
-4473.7 11707.6 -35.5 272 0 5.8 11.0 5.0 2.5 2 1 2 0 0
-4306.8 11295.0 -27.1 206 0 6.0 7.3 7.5 2.5 2 1 3 1 1
-4454.4 11524.5 -32.7 307 0 4.6 7.7 5.0 2.5 2 1 2 3 3
-4380.9 11545.0 -31.9 28 0 4.4 8.2 5.0 2.5 2 1 2 0 0
-4509.9 11790.1 -37.3 3 0 7.6 7.5 5.0 2.5 2 0 2 3 3
-5080.4 11040.2 -37.0 2 0 5.7 12.8 7.5 2.5 2 1 3 1 1
-4364.6 11461.3 -30.4 25 0 10.3 5.8 7.5 2.5 4 0 3 5 5
-4369.8 11431.4 -30.0 213 0 10.4 9.0 7.5 0.0 0 0 3 1 1
-4385.7 11538.5 -31.8 28 0 8.0 7.4 7.5 0.0 0 0 3 2 2
-4424.5 11523.8 -32.2 127 0 10.6 10.6 5.0 2.5 4 0 2 5 5
-4317.7 11228.6 -28.8 38 0 10.3 8.1 5.0 2.5 2 0 2 4 4
-4920.7 11676.7 -32.1 180 0 8.0 4.6 5.0 2.5 2 0 2 5 5
-4359.0 11368.0 -29.0 129 0 5.7 7.6 7.5 2.5 4 1 3 4 4
-4394.7 11467.2 -30.9 124 0 6.2 7.5 2.5 2.5 2 1 1 5 5
-4432.6 11694.0 -34.6 180 0 8.0 11.1 2.5 2.5 2 1 1 4 4
-4325.8 11163.3 -32.1 40 0 11.4 23.7 12.5 2.5 2 1 5 4 4
-4298.0 11339.3 -27.6 220 0 20.0 14.2 12.5 2.5 2 0 5 4 4
-4448.4 11685.9 -35.2 1 0 27.1 20.8 7.5 2.5 2 0 3 2 2
-4288.3 11154.9 -33.0 279 0 14.9 17.1 7.5 2.5 2 1 3 3 3
-4187.9 11409.6 -32.7 39 0 4.9 28.4 7.5 2.5 2 1 3 1 1
-4317.9 11174.1 -31.4 37 0 8.4 23.1 2.5 2.5 2 1 1 4 4
-4238.4 11344.3 -28.6 34 0 5.9 10.3 7.5 2.5 2 1 3 4 4
-4282.9 11390.6 -29.3 134 0 6.0 18.0 2.5 2.5 2 1 1 5 5
-4345.4 11286.4 -27.7 310 0 10.4 5.0 7.5 2.5 2 0 3 4 4
-4319.0 11332.8 -28.1 36 0 4.4 14.2 2.5 2.5 2 1 1 1 1
-4326.2 11358.6 -28.3 214 0 11.0 4.9 7.5 2.5 2 0 3 3 3
-4369.8 11502.3 -31.0 209 0 15.8 6.9 7.5 2.5 2 0 3 3 3
-4291.2 11412.6 -29.1 214 0 4.9 7.4 5.0 2.5 2 1 2 1 1
-4381.6 11374.3 -29.5 296 0 10.9 11.4 2.5 2.5 2 1 1 4 4
-4335.1 11481.0 -30.4 121 0 5.1 18.0 5.0 2.5 2 1 2 3 3
-3477.0 11995.3 -29.0 99 0 25.4 15.2 10.0 2.5 2 0 4 2 2
-4379.3 11380.4 -29.5 27 0 10.5 3.2 2.5 2.5 2 0 1 2 2
-4337.9 11293.3 -27.7 305 0 9.9 7.6 7.5 2.5 2 0 3 2 2
-4320.8 11345.0 -28.1 36 0 11.3 5.5 5.0 2.5 2 0 2 4 4
-4293.5 11386.5 -28.2 143 0 12.2 7.4 5.0 2.5 2 0 2 1 1
-3825.0 11578.5 -36.2 93 0 7.7 4.4 5.0 0.0 0 0 2 5 5
-4310.2 11476.0 -30.5 123 0 8.4 4.4 5.0 0.0 0 0 2 0 0
-3398.5 12026.2 -30.1 84 0 13.1 14.6 5.0 2.5 2 1 2 1 1
-4344.8 11485.6 -30.5 21 0 4.5 7.5 2.5 2.5 4 1 1 3 3
-4313.9 11469.5 -30.3 125 0 5.1 6.6 7.5 2.5 2 1 3 2 2
-4335.7 11347.9 -28.3 213 0 8.2 5.7 7.5 2.5 2 0 3 3 3
-4366.2 11399.2 -29.5 129 0 6.8 8.0 5.0 0.0 0 1 2 4 4
-4412.8 11595.9 -33.2 311 0 22.7 17.9 7.5 2.5 2 0 3 3 3
-4328.9 11477.5 -30.0 123 0 5.6 7.4 5.0 2.5 4 1 2 0 0
-4315.0 11364.4 -28.2 214 0 12.1 4.4 7.5 2.5 2 0 3 4 4
-4064.7 11688.0 -38.6 92 0 22.8 22.7 7.5 2.5 2 0 3 0 0
-4307.0 11281.5 -26.9 213 0 9.0 13.4 7.5 2.5 2 1 3 5 5
-4391.3 11428.1 -30.3 212 0 10.7 3.3 2.5 2.5 2 0 1 1 1
-4395.3 11402.7 -30.1 127 0 14.3 5.8 7.5 0.0 0 0 3 0 0
-4253.9 11436.4 -31.2 303 0 19.2 16.5 10.0 2.5 2 0 4 1 1
-4414.1 11521.8 -32.0 126 0 5.5 7.6 7.5 0.0 0 1 3 5 5
-4325.6 11273.8 -27.2 303 0 6.0 7.8 5.0 2.5 2 1 2 5 5
-4388.7 11423.4 -30.2 220 0 11.6 5.0 2.5 2.5 2 0 1 4 4
-4396.8 11489.8 -31.3 116 0 4.5 7.5 2.5 2.5 2 1 1 0 0
-4259.0 12200.9 -32.1 359 0 3.1 10.9 7.5 2.5 4 1 3 4 4
-4442.1 11540.5 -32.7 128 0 11.5 14.4 5.0 2.5 4 1 2 3 3
-3677.2 11688.6 -33.3 95 0 6.8 5.6 7.5 2.5 4 0 3 3 3
-4294.1 11299.3 -26.9 210 0 10.4 5.6 5.0 2.5 2 0 2 5 5
-4381.3 11438.9 -30.3 124 0 6.1 12.6 7.5 2.5 2 1 3 4 4
-4292.7 11314.3 -27.1 216 0 9.9 12.8 7.5 2.5 2 1 3 5 5
-4481.2 11607.9 -34.3 274 0 12.9 23.4 7.5 2.5 2 1 3 5 5
-4434.4 11528.3 -32.4 308 0 4.0 8.4 5.0 0.0 0 1 2 1 1
-4256.3 11467.0 -32.0 306 0 11.0 17.0 5.0 2.5 2 1 2 0 0
-4425.8 11520.4 -32.3 312 0 15.7 19.3 7.5 2.5 2 1 3 4 4
-4384.5 11417.3 -30.0 216 0 14.1 11.6 7.5 2.5 2 0 3 1 1
-4278.0 11335.0 -27.2 305 0 5.9 19.3 5.0 2.5 2 1 2 4 4
-4489.8 11558.0 -33.9 91 0 7.0 13.7 5.0 2.5 4 1 2 1 1
-4275.3 11448.4 -31.1 219 0 14.4 12.8 5.0 2.5 2 0 2 1 1
-4785.7 11723.2 -32.5 93 0 10.1 14.1 10.0 2.5 2 1 4 1 1
-4315.0 11312.2 -27.5 299 0 5.6 7.6 7.5 0.0 0 1 3 0 0
-4188.6 11487.7 -35.4 270 0 10.4 7.6 7.5 2.5 2 0 3 4 4
-4550.5 11689.5 -36.5 184 0 15.8 20.0 7.5 2.5 2 1 3 4 4
-4311.4 11428.2 -29.0 302 0 7.8 15.2 2.5 2.5 2 1 1 4 4
-4255.4 11343.5 -28.2 122 0 5.6 6.2 5.0 2.5 2 1 2 0 0
-4315.9 11411.1 -28.9 317 0 5.3 12.9 7.5 2.5 2 1 3 1 1
-4477.1 11555.1 -33.7 1 0 3.4 14.5 7.5 2.5 2 1 3 4 4
-4227.8 11381.4 -30.3 43 0 5.5 10.0 2.5 2.5 2 1 1 4 4
-4454.7 11537.1 -32.9 313 0 10.0 6.1 5.0 0.0 0 0 2 0 0
-4260.0 11373.1 -29.0 123 0 8.5 5.8 5.0 2.5 2 0 2 2 2
-4184.7 11472.6 -35.0 274 0 8.1 8.6 5.0 2.5 2 1 2 4 4
-4372.1 11190.8 -30.8 108 0 16.0 23.1 12.5 2.5 2 1 5 4 4
-4253.6 11360.8 -28.9 115 0 7.3 7.7 7.5 2.5 2 1 3 0 0
-4343.2 11528.0 -31.0 302 0 14.7 23.3 10.0 2.5 2 1 4 2 2
-4379.1 11519.0 -31.4 33 0 9.1 5.6 5.0 2.5 2 0 2 2 2
-4335.8 11459.4 -29.9 122 0 6.6 6.9 2.5 2.5 2 1 1 2 2
-4366.8 11225.4 -29.1 114 0 10.6 8.9 5.0 2.5 2 0 2 4 4
-4330.5 11444.7 -29.6 299 0 7.0 13.8 5.0 2.5 2 1 2 1 1
-4352.1 11212.5 -29.7 23 0 6.9 8.5 5.0 2.5 2 1 2 1 1
-4273.8 11372.5 -28.6 128 0 9.4 9.3 5.0 2.5 2 0 2 0 0
-4338.1 11498.7 -30.6 30 0 6.3 10.0 5.0 2.5 2 1 2 3 3
-4358.9 11394.0 -29.4 124 0 7.8 6.3 5.0 2.5 2 0 2 3 3
-4397.8 11398.3 -30.0 215 0 7.4 5.2 7.5 0.0 0 0 3 1 1
-4410.1 11380.5 -29.9 212 0 11.0 8.0 7.5 2.5 2 0 3 1 1
-4387.3 11498.4 -31.2 219 0 10.5 16.6 2.5 2.5 2 1 1 1 1
-4285.4 11472.0 -31.3 215 0 4.0 8.2 2.5 2.5 2 1 1 5 5
-4339.1 11430.3 -29.5 297 0 5.0 10.5 7.5 2.5 2 1 3 5 5
-4352.6 11494.7 -30.7 30 0 11.2 4.8 5.0 2.5 4 0 2 0 0
-4352.6 11564.9 -32.0 94 0 4.5 7.8 7.5 2.5 2 1 3 4 4
-4355.9 11260.6 -27.8 283 0 12.8 9.7 2.5 2.5 2 0 1 1 1
-4352.8 11439.4 -29.9 288 0 5.9 7.2 5.0 2.5 2 1 2 4 4
-3791.7 11621.6 -35.8 1 0 12.6 36.7 7.5 2.5 4 1 3 3 3
-4289.6 11376.0 -28.0 136 0 5.2 7.6 5.0 2.5 2 1 2 0 0
-3487.9 11029.8 -36.6 90 0 6.8 10.3 5.0 2.5 4 1 2 3 3
-4340.5 11392.4 -29.1 43 0 6.2 8.1 5.0 2.5 2 1 2 5 5
-4304.9 11470.2 -30.6 135 0 6.9 5.6 7.5 2.5 2 0 3 5 5
-4336.5 11448.4 -29.7 300 0 5.3 11.0 2.5 2.5 2 1 1 4 4
-3914.1 10970.9 -36.8 182 0 6.5 7.8 7.5 2.5 2 1 3 0 0
-4423.3 11504.3 -31.9 309 0 8.0 10.6 7.5 2.5 2 1 3 5 5
-4236.5 11450.6 -32.2 305 0 5.5 19.2 5.0 2.5 4 1 2 2 2
-4308.8 11338.5 -27.8 35 0 13.3 5.8 5.0 2.5 2 0 2 3 3
-4348.8 11427.1 -29.6 303 0 6.5 10.2 5.0 2.5 2 1 2 1 1
-4426.4 11477.3 -31.6 127 0 8.4 10.2 7.5 2.5 4 1 3 5 5
-4365.4 11386.3 -29.4 130 0 8.0 7.5 2.5 0.0 0 0 1 2 2
-4299.5 11435.4 -29.7 210 0 8.1 10.6 2.5 2.5 2 1 1 2 2
-4299.9 11353.9 -28.0 25 0 5.7 12.6 2.5 2.5 2 1 1 0 0
-4417.0 11510.7 -31.9 304 0 5.0 7.2 2.5 2.5 2 1 1 0 0
-4246.5 11453.6 -31.9 308 0 9.1 15.4 5.0 2.5 2 1 2 0 0
-4312.6 11841.2 -38.5 92 0 14.4 19.2 12.5 2.5 4 1 5 0 0
-4535.2 11497.9 -33.8 2 0 10.0 8.9 2.5 2.5 2 0 1 5 5
-6822.9 10823.3 -29.9 178 0 11.7 28.4 10.0 2.5 2 1 4 5 5
-6832.5 10773.3 -28.1 272 0 8.2 14.1 2.5 2.5 2 1 1 0 0
-6911.1 10876.5 -34.8 176 0 9.4 5.1 7.5 2.5 2 0 3 5 5
-6829.3 10679.2 -28.3 90 0 10.2 25.4 10.0 2.5 2 1 4 0 0
-6851.4 10800.2 -32.8 1 0 6.4 12.7 7.5 2.5 2 1 3 0 0
-6876.6 10724.2 -33.2 179 0 15.1 21.8 15.0 0.0 0 1 6 2 2
-6825.1 10738.4 -28.4 1 0 9.8 6.6 7.5 2.5 2 0 3 1 1
-6826.1 10712.7 -28.3 1 0 14.3 8.4 2.5 2.5 2 0 1 5 5
-6869.9 10676.9 -32.9 93 0 19.3 13.8 7.5 2.5 2 0 3 5 5
-1718.1 11225.0 -26.3 220 0 4.4 10.2 5.0 2.5 2 1 2 4 4
-1595.1 10908.4 -28.3 10 0 11.8 8.6 2.5 2.5 2 0 1 0 0
-3211.3 11767.2 -28.8 93 0 5.2 7.2 7.5 2.5 2 1 3 0 0
-1654.8 11097.1 -25.6 139 0 13.6 10.3 5.0 0.0 0 0 2 5 5
-1377.2 10958.1 -24.7 273 0 4.4 9.2 2.5 2.5 2 1 1 1 1
-1295.7 10969.3 -25.6 183 0 5.6 8.4 7.5 2.5 4 1 3 3 3
-1448.2 10859.2 -26.2 92 0 3.5 9.0 7.5 2.5 2 1 3 0 0
-1435.9 10951.8 -24.4 268 0 12.4 6.4 5.0 0.0 0 0 2 3 3
-1464.3 10867.4 -26.4 184 0 7.3 9.7 5.0 0.0 0 1 2 4 4
-1980.0 11116.4 -27.6 188 0 6.2 10.9 2.5 2.5 2 1 1 5 5
-1337.2 11358.3 -31.8 295 0 5.3 10.9 7.5 2.5 2 1 3 2 2
-1545.3 11056.0 -24.9 295 0 4.8 14.7 7.5 2.5 2 1 3 0 0
-1279.6 11028.2 -26.9 179 0 17.0 9.4 5.0 2.5 2 0 2 5 5
-1620.9 11051.8 -25.8 129 0 8.9 8.9 5.0 2.5 2 1 2 5 5
-1648.9 10982.3 -27.8 273 0 6.0 5.5 7.5 2.5 2 0 3 4 4
-1278.6 11042.9 -27.0 179 0 8.2 8.6 5.0 2.5 2 1 2 0 0
-1386.5 10884.7 -24.7 3 0 4.2 7.7 2.5 2.5 2 1 1 5 5
-1278.7 11052.9 -27.2 179 0 7.6 9.6 7.5 2.5 2 1 3 1 1
-1583.9 11169.7 -26.6 308 0 11.4 4.2 5.0 2.5 2 0 2 2 2
-1447.9 10951.7 -24.6 270 0 10.5 4.9 5.0 2.5 2 0 2 2 2
-1631.4 11067.8 -25.8 218 0 10.0 6.8 5.0 2.5 2 0 2 3 3
-6894.4 10705.3 -32.7 181 0 16.8 38.6 7.5 2.5 2 1 3 5 5
-1661.4 11335.7 -27.0 103 0 9.9 5.7 7.5 2.5 2 0 3 0 0
-1430.7 10862.9 -25.8 93 0 6.7 8.6 5.0 2.5 2 1 2 4 4
-1591.6 11163.4 -26.5 36 0 7.5 12.5 5.0 2.5 2 1 2 5 5
-1650.1 10898.4 -29.2 90 0 5.7 5.3 5.0 2.5 2 0 2 2 2
-1257.5 11069.9 -27.7 179 0 7.2 13.9 7.5 2.5 2 1 3 2 2
-1248.8 11078.0 -27.8 179 0 5.2 7.3 5.0 2.5 2 1 2 2 2
-1593.1 10948.0 -27.5 10 0 9.1 9.7 7.5 2.5 2 1 3 1 1
-3076.1 11768.3 -29.5 89 0 9.5 8.1 5.0 2.5 2 0 2 0 0
-1279.8 11000.6 -26.3 182 0 8.0 10.6 5.0 0.0 0 1 2 4 4
-1644.2 11107.7 -25.3 38 0 4.5 13.9 7.5 2.5 2 1 3 1 1
-1417.1 10876.8 -25.5 1 0 6.6 12.6 5.0 0.0 0 1 2 4 4
-5585.9 10830.0 -28.3 180 0 24.5 11.1 7.5 0.0 0 0 3 5 5
-6846.6 10785.4 -32.4 358 0 20.3 14.7 12.5 2.5 2 0 5 4 4
-6070.4 11878.8 -35.2 90 0 7.3 6.7 5.0 2.5 2 0 2 4 4
-6235.1 12223.3 -36.5 87 0 6.7 10.8 5.0 2.5 2 1 2 3 3
-5744.1 12181.4 -36.2 88 0 11.9 10.5 7.5 2.5 2 0 3 2 2
-6678.3 10746.4 -31.9 269 0 4.0 8.2 7.5 2.5 4 1 3 3 3
2320.7 11423.4 -43.1 310 0 21.0 13.7 10.0 2.5 2 0 4 4 4
2209.9 11342.7 -39.0 360 0 9.7 12.5 5.0 2.5 2 1 2 0 0
2270.9 11476.6 -42.4 179 0 21.2 26.0 10.0 2.5 2 1 4 1 1
2321.9 11317.5 -40.2 302 0 15.8 16.4 7.5 2.5 2 1 3 1 1
2252.0 11306.5 -39.0 122 0 26.2 13.9 7.5 0.0 0 0 3 2 2
2367.1 11045.4 -33.2 42 0 17.5 13.1 2.5 2.5 2 0 1 4 4
2208.6 11330.8 -38.5 359 0 10.2 9.3 7.5 0.0 0 0 3 4 4
2354.8 11279.7 -39.8 114 0 16.6 18.4 10.0 2.5 2 1 4 0 0
2339.3 11091.6 -32.8 223 0 12.1 28.5 7.5 2.5 2 1 3 2 2
2209.8 11318.7 -38.0 359 0 9.3 11.1 7.5 2.5 2 1 3 3 3
2326.0 11029.7 -33.6 36 0 12.5 23.8 7.5 2.5 2 1 3 3 3
2271.6 11370.9 -41.6 212 0 12.4 11.9 5.0 2.5 2 0 2 0 0
2394.8 11251.0 -39.3 124 0 24.7 15.8 7.5 2.5 2 0 3 4 4
2424.6 11206.6 -38.2 123 0 21.3 18.3 7.5 2.5 4 0 3 3 3
2306.1 11177.5 -34.5 216 0 15.5 10.5 2.5 0.0 0 0 1 3 3
2321.9 11205.2 -36.2 212 0 20.0 13.1 15.0 0.0 0 0 6 0 0
2332.9 11424.5 -42.9 122 0 18.8 15.9 7.5 2.5 2 0 3 0 0
2352.4 11310.9 -40.4 201 0 13.0 14.1 2.5 2.5 2 1 1 4 4
2351.9 11344.0 -41.5 201 0 12.8 14.7 2.5 2.5 2 1 1 0 0
2293.1 11258.8 -37.7 212 0 18.6 13.0 2.5 2.5 2 0 1 0 0
2277.1 11212.5 -35.5 214 0 25.7 16.1 10.0 2.5 2 0 4 5 5
2235.5 11291.8 -37.3 304 0 6.7 17.2 5.0 2.5 2 1 2 2 2
2402.9 11201.0 -37.6 33 0 21.7 21.4 7.5 0.0 0 0 3 1 1
2374.6 11225.7 -37.7 297 0 5.8 5.9 5.0 2.5 2 1 2 3 3
2375.1 11164.0 -35.5 32 0 12.4 16.5 10.0 2.5 2 1 4 2 2
2355.7 11210.3 -37.4 117 0 12.7 13.4 7.5 2.5 2 1 3 5 5
2404.7 11237.1 -38.3 299 0 12.9 18.4 7.5 2.5 2 1 3 2 2
2358.1 11153.4 -34.9 42 0 17.4 16.9 7.5 2.5 2 0 3 0 0
-5401.1 -8427.8 15.9 34 0 11.6 6.2 7.5 2.5 2 0 3 2 2
-5391.3 -8425.3 16.4 218 0 6.3 6.0 2.5 2.5 2 0 1 5 5
-5357.9 -8373.3 16.0 299 0 11.7 7.5 5.0 2.5 2 0 2 4 4
-5317.4 -8432.8 18.9 316 0 4.8 11.1 7.5 2.5 2 1 3 2 2
-5322.8 -8537.1 21.3 325 0 8.3 7.5 7.5 2.5 2 0 3 4 4
-5322.2 -8408.8 17.8 101 0 20.9 7.6 7.5 2.5 2 0 3 1 1
-5389.2 -8395.8 15.5 111 0 10.6 9.6 7.5 2.5 4 0 3 3 3
-5191.0 -8587.5 21.7 1 0 9.1 17.0 2.5 2.5 4 1 1 3 3
-5268.7 -8523.5 23.0 222 0 14.0 7.8 5.0 2.5 2 0 2 4 4
-5211.7 -8560.6 22.9 273 0 10.0 6.7 7.5 2.5 2 0 3 0 0
-5289.9 -8457.1 20.6 221 0 10.8 16.2 7.5 2.5 2 1 3 1 1
-5396.2 -8502.2 17.7 53 0 9.0 10.3 7.5 2.5 2 1 3 3 3
-5331.1 -8440.7 18.7 314 0 6.7 8.4 7.5 0.0 0 1 3 1 1
-5294.2 -8391.8 18.7 305 0 7.4 11.5 5.0 2.5 2 1 2 2 2
-5388.4 -8439.3 16.9 223 0 7.4 12.4 7.5 2.5 2 1 3 4 4
-5309.9 -8424.1 19.0 312 0 5.2 10.6 5.0 2.5 2 1 2 1 1
-5379.1 -8427.9 16.9 220 0 4.4 7.1 7.5 0.0 0 1 3 2 2
-5247.6 -8391.5 20.0 319 0 15.4 9.1 5.0 2.5 2 0 2 2 2
-5397.4 -8478.5 17.5 230 0 13.0 6.4 5.0 0.0 0 0 2 5 5
-5406.2 -8467.6 16.9 228 0 13.9 12.6 5.0 2.5 2 0 2 0 0
-5340.2 -8479.1 19.0 49 0 6.7 11.7 7.5 0.0 0 1 3 2 2
-5330.8 -8528.5 20.7 53 0 7.8 7.8 5.0 2.5 2 0 2 2 2
-5261.9 -8378.9 19.2 35 0 7.4 9.1 5.0 2.5 2 1 2 1 1
-5318.2 -8544.1 21.6 326 0 5.1 8.0 5.0 2.5 4 1 2 4 4
-5313.0 -8378.2 17.7 302 0 6.9 17.9 5.0 2.5 2 1 2 3 3
-5344.5 -8462.3 18.7 48 0 10.5 4.6 5.0 0.0 0 0 2 5 5
-5370.6 -8466.8 17.8 50 0 6.8 8.4 2.5 2.5 2 1 1 0 0
-5272.6 -8556.4 22.4 39 0 7.4 14.0 2.5 2.5 2 1 1 4 4
-5261.5 -8434.1 21.0 217 0 5.9 6.9 2.5 2.5 2 1 1 5 5
-5953.7 -8590.9 3.0 91 0 35.7 53.4 12.5 0.0 0 1 5 0 0
-5391.0 -8510.5 18.1 55 0 7.4 9.3 7.5 2.5 4 1 3 5 5
-6132.6 -8784.9 1.3 92 0 7.1 42.5 7.5 2.5 2 1 3 3 3
-6553.1 -8518.7 0.5 1 0 15.2 9.9 5.0 2.5 2 0 2 0 0
-5395.2 -8546.7 19.0 148 0 13.9 16.9 7.5 2.5 2 1 3 3 3
-6833.5 -8252.5 -0.2 180 0 9.4 17.2 2.5 2.5 2 1 1 1 1
-5240.4 -8536.4 23.9 128 0 19.1 7.4 5.0 2.5 4 0 2 1 1
-6121.2 -8743.9 1.4 272 0 12.6 6.1 5.0 2.5 2 0 2 3 3
-5386.0 -8494.4 17.8 52 0 14.1 11.8 7.5 2.5 2 0 3 4 4
-5417.3 -8492.0 17.2 227 0 9.3 8.6 2.5 2.5 2 0 1 4 4
-6060.3 -8697.8 1.5 1 0 6.9 17.7 7.5 2.5 2 1 3 4 4
-5200.5 -8536.2 24.6 35 0 8.7 22.3 5.0 2.5 2 1 2 3 3
-5325.0 -8370.9 16.9 305 0 19.8 15.8 7.5 2.5 2 0 3 4 4
-5261.5 -8367.7 19.0 36 0 8.3 9.2 7.5 2.5 2 1 3 2 2
-5306.9 -8538.2 22.1 224 0 9.0 17.2 5.0 2.5 2 1 2 0 0
-5287.7 -8415.8 19.1 30 0 4.7 14.0 7.5 2.5 2 1 3 4 4
-5409.6 -8484.4 17.2 226 0 11.5 10.2 10.0 2.5 2 0 4 5 5
-6154.7 -8745.7 1.3 181 0 6.8 18.7 5.0 2.5 2 1 2 4 4
-5376.0 -8477.4 17.8 53 0 6.7 10.0 7.5 2.5 2 1 3 1 1
-5341.4 -8534.8 20.5 324 0 14.0 7.2 2.5 2.5 2 0 1 1 1
-5416.2 -8477.3 16.8 224 0 12.3 9.1 2.5 2.5 2 0 1 0 0
-6599.6 -8479.4 0.4 271 0 11.6 61.0 7.5 2.5 2 1 3 0 0
-5381.6 -8503.3 18.2 54 0 15.0 8.9 7.5 2.5 2 0 3 2 2
-5264.6 -8532.1 23.3 222 0 6.8 5.6 7.5 2.5 2 0 3 0 0
-5260.9 -8515.3 23.0 222 0 7.6 17.4 5.0 2.5 2 1 2 0 0
-5408.8 -8438.1 15.9 34 0 13.0 5.9 7.5 2.5 4 0 3 3 3
-5344.5 -8434.8 18.2 225 0 6.9 10.0 2.5 2.5 2 1 1 2 2
-5423.5 -8511.1 17.4 143 0 4.2 12.6 7.5 2.5 4 1 3 4 4
-5091.2 -8567.8 23.4 308 0 8.1 25.5 5.0 2.5 2 1 2 0 0
-5446.6 -8603.9 18.0 91 0 8.2 17.0 7.5 2.5 4 1 3 4 4
-5280.6 -8519.3 22.4 130 0 5.3 10.2 7.5 2.5 2 1 3 4 4
-5523.4 -8556.6 16.5 180 0 9.2 10.2 7.5 2.5 2 1 3 5 5
-5279.2 -8358.8 18.4 303 0 7.8 9.5 7.5 2.5 2 1 3 0 0
-5229.5 -8478.3 22.9 40 0 8.6 7.6 2.5 2.5 2 0 1 2 2
-5244.9 -8464.5 22.0 38 0 13.4 6.5 5.0 2.5 2 0 2 5 5
-5352.8 -8853.6 13.7 313 0 10.7 11.9 7.5 0.0 0 1 3 5 5
-5251.4 -8652.2 17.5 91 0 6.9 13.1 5.0 2.5 2 1 2 2 2
-5226.2 -8366.3 20.1 42 0 5.6 9.5 7.5 2.5 2 1 3 5 5
-5166.9 -8375.8 22.4 40 0 6.8 7.5 5.0 2.5 2 1 2 1 1
-5341.2 -8841.4 13.9 310 0 9.0 9.9 7.5 2.5 2 1 3 4 4
-5204.2 -8504.6 24.5 307 0 9.4 14.7 2.5 2.5 2 1 1 3 3
-5248.3 -8348.8 19.3 218 0 11.5 13.7 7.5 2.5 2 1 3 3 3
-5194.7 -8353.1 21.2 219 0 6.0 16.0 7.5 2.5 2 1 3 1 1
-5306.5 -8916.6 12.6 311 0 14.3 15.5 5.0 2.5 2 1 2 4 4
-5137.3 -8599.4 22.3 125 0 6.3 11.0 5.0 2.5 4 1 2 1 1
-5156.0 -8619.2 20.5 1 0 10.8 8.1 7.5 2.5 2 0 3 3 3
-5544.9 -8519.2 16.2 181 0 22.9 15.3 5.0 2.5 2 0 2 5 5
-5271.7 -8617.9 18.5 271 0 8.3 10.6 2.5 2.5 2 1 1 1 1
-5246.9 -8555.3 22.1 288 0 15.4 15.0 2.5 2.5 2 0 1 4 4
-5293.8 -8532.6 22.4 219 0 12.3 5.6 5.0 2.5 2 0 2 5 5
-5170.6 -8382.2 22.4 40 0 7.0 9.9 7.5 2.5 2 1 3 0 0
-5438.4 -8556.3 18.0 270 0 5.4 7.9 7.5 0.0 0 1 3 3 3
-5107.1 -8555.6 24.4 306 0 20.2 11.6 7.5 2.5 2 0 3 2 2
-5445.9 -8556.0 18.0 270 0 9.1 7.9 2.5 0.0 0 0 1 1 1
-5262.8 -8558.6 22.3 36 0 13.8 7.7 7.5 0.0 0 0 3 1 1
-5278.0 -8537.1 22.9 309 0 7.1 6.8 5.0 2.5 2 0 2 5 5
-5252.8 -8500.8 22.6 42 0 6.3 7.8 2.5 2.5 2 1 1 0 0
-5292.2 -8372.4 18.2 121 0 8.2 7.9 7.5 2.5 2 0 3 1 1
-5245.1 -8493.7 22.7 41 0 10.6 8.3 5.0 2.5 2 0 2 5 5
-5206.5 -8392.3 21.8 215 0 9.9 10.2 5.0 2.5 2 1 2 3 3
-5275.3 -8430.6 20.5 217 0 5.8 12.3 7.5 2.5 2 1 3 4 4
-5486.3 -8610.6 16.7 90 0 18.2 11.7 2.5 2.5 2 0 1 5 5
-5362.2 -8820.8 14.2 312 0 6.2 18.1 7.5 2.5 2 1 3 2 2
-5315.7 -8870.8 13.4 312 0 9.0 10.4 7.5 2.5 2 1 3 5 5
-5293.4 -8562.8 21.8 132 0 5.2 7.2 5.0 2.5 2 1 2 1 1
-5327.4 -8841.5 14.0 134 0 12.2 11.7 2.5 2.5 2 0 1 4 4
-5284.5 -8629.1 18.3 91 0 11.1 10.7 5.0 2.5 2 0 2 4 4
-5228.5 -8381.1 20.5 41 0 4.9 7.6 2.5 0.0 0 1 1 5 5
-5218.3 -8380.3 21.1 220 0 9.7 7.5 7.5 2.5 2 0 3 5 5
-5289.9 -8566.8 21.7 133 0 4.9 8.5 7.5 2.5 2 1 3 5 5
-5226.7 -8416.3 21.5 303 0 13.5 21.1 7.5 2.5 2 1 3 5 5
-5469.3 -8554.4 17.9 271 0 13.6 7.0 7.5 2.5 4 0 3 2 2
-5193.4 -8629.2 19.2 2 0 15.9 14.3 5.0 2.5 2 0 2 3 3
-5218.6 -8462.4 22.1 34 0 8.6 24.5 5.0 2.5 2 1 2 2 2
-5239.7 -8407.4 20.7 304 0 15.1 7.2 7.5 2.5 2 0 3 1 1
-5503.5 -8588.7 16.4 90 0 17.1 17.9 10.0 2.5 2 1 4 0 0
-5264.1 -8572.9 21.1 207 0 14.7 23.5 12.5 2.5 2 1 5 1 1
-5154.3 -8344.9 21.2 41 0 13.6 7.4 2.5 2.5 2 0 1 3 3
-5454.7 -8555.6 18.0 272 0 7.7 7.9 5.0 2.5 2 1 2 5 5
-5345.4 -8591.8 19.3 141 0 6.8 7.5 7.5 2.5 2 1 3 1 1
-5182.7 -8460.2 23.9 305 0 18.4 9.9 7.5 2.5 2 0 3 2 2
-5256.3 -8487.2 22.3 42 0 5.6 5.7 2.5 0.0 0 1 1 5 5
-5294.6 -8881.9 13.1 311 0 13.1 15.5 5.0 2.5 2 1 2 5 5
-5201.1 -8430.8 22.8 305 0 10.1 12.3 7.5 2.5 2 1 3 4 4
-5248.5 -8362.1 19.6 221 0 4.5 11.4 5.0 2.5 2 1 2 3 3
-5260.7 -8481.0 21.9 42 0 6.1 7.0 7.5 2.5 2 1 3 1 1
-5378.4 -8796.4 14.6 222 0 10.5 12.8 7.5 2.5 2 1 3 0 0
-5235.0 -8404.7 20.9 128 0 10.2 15.9 7.5 2.5 2 1 3 2 2
-5312.9 -8467.0 20.1 226 0 7.1 7.5 7.5 2.5 2 1 3 2 2
-5153.4 -8575.5 22.7 3 0 17.3 18.0 10.0 2.5 2 1 4 0 0
-5311.8 -8882.0 13.2 309 0 11.3 4.9 2.5 2.5 2 0 1 3 3
-5350.9 -8595.3 19.1 141 0 7.1 5.8 7.5 2.5 2 0 3 0 0
-5280.2 -8650.9 17.1 92 0 21.9 11.5 10.0 0.0 0 0 4 3 3
-5347.7 -8603.3 18.7 140 0 6.8 9.3 2.5 2.5 4 1 1 2 2
-5267.8 -8564.7 21.8 308 0 8.1 5.5 7.5 2.5 2 0 3 5 5
-5107.4 -8588.9 22.0 307 0 8.5 25.8 2.5 2.5 2 1 1 3 3
-5330.8 -8590.6 19.6 146 0 6.9 11.3 2.5 2.5 2 1 1 1 1
-5270.9 -8518.0 22.7 130 0 5.4 9.1 7.5 2.5 2 1 3 2 2
-5203.1 -8616.3 20.0 1 0 9.1 5.6 2.5 2.5 2 0 1 2 2
-5442.0 -8569.8 18.2 360 0 9.2 8.2 7.5 2.5 2 0 3 2 2
-5266.8 -8543.2 23.3 39 0 5.8 5.7 5.0 2.5 2 0 2 0 0
-5356.9 -8835.2 14.0 311 0 8.9 10.9 5.0 2.5 2 1 2 1 1
-5357.5 -8583.1 19.6 143 0 9.5 9.6 5.0 2.5 2 1 2 3 3
-5148.4 -8406.7 24.1 216 0 6.3 12.9 5.0 2.5 2 1 2 1 1
-5283.9 -8900.0 12.9 41 0 18.4 12.3 5.0 2.5 2 0 2 5 5
-5238.7 -8592.6 20.9 186 0 7.5 10.8 7.5 2.5 2 1 3 5 5
-5222.1 -8654.1 17.9 91 0 6.2 12.0 5.0 2.5 2 1 2 2 2
-5257.6 -8358.0 18.6 358 0 6.5 13.3 2.5 2.5 2 1 1 2 2
-5272.4 -8638.9 17.9 91 0 7.1 9.4 7.5 2.5 4 1 3 4 4
-5194.5 -8427.4 22.9 126 0 8.1 17.3 7.5 2.5 2 1 3 5 5
-5463.2 -8618.9 17.1 285 0 10.9 15.1 5.0 0.0 0 1 2 1 1
-5150.2 -8542.2 24.6 0 0 15.5 20.5 15.0 0.0 0 1 6 2 2
-5269.2 -8490.8 21.9 39 0 8.2 7.3 5.0 2.5 2 0 2 1 1
-5446.0 -8585.5 18.3 89 0 8.9 10.1 5.0 2.5 2 1 2 5 5
-5071.8 -9249.5 13.4 227 0 9.3 9.1 7.5 2.5 2 0 3 0 0
-4978.1 -9308.4 14.9 294 0 13.1 13.7 5.0 2.5 2 1 2 5 5
-4983.4 -9435.4 11.4 308 0 13.5 9.4 5.0 2.5 2 0 2 0 0
-5210.1 -9098.0 9.7 39 0 15.2 21.2 10.0 2.5 2 1 4 3 3
-5041.8 -9346.5 13.5 32 0 11.6 6.2 5.0 2.5 2 0 2 3 3
-4978.4 -9350.2 14.0 32 0 9.9 15.5 5.0 2.5 2 1 2 2 2
-5222.5 -9109.5 9.5 38 0 16.8 13.7 5.0 0.0 0 0 2 3 3
-5141.7 -9231.3 10.9 130 0 8.8 8.0 5.0 2.5 2 0 2 2 2
-5083.2 -9238.0 12.9 227 0 9.1 15.2 7.5 0.0 0 1 3 2 2
-5142.8 -9312.1 12.0 214 0 14.3 8.8 7.5 2.5 2 0 3 4 4
-5000.6 -9284.7 15.3 302 0 9.9 17.7 2.5 2.5 2 1 1 4 4
-5128.5 -9188.6 10.9 219 0 7.2 4.7 7.5 2.5 2 0 3 4 4
-5235.4 -9183.0 8.4 43 0 8.3 4.8 7.5 2.5 2 0 3 4 4
-4952.9 -9452.1 10.8 304 0 15.7 24.3 7.5 2.5 2 1 3 0 0
-5167.3 -9233.2 10.1 130 0 9.7 7.9 7.5 2.5 2 0 3 1 1
-5194.6 -9084.1 9.8 218 0 10.0 9.8 7.5 2.5 2 0 3 5 5
-5194.3 -9075.9 10.0 41 0 17.5 13.0 7.5 2.5 2 0 3 0 0
-5209.1 -9071.3 10.1 42 0 4.6 9.7 5.0 2.5 4 1 2 2 2
-5190.9 -9154.5 8.7 41 0 9.7 3.4 7.5 2.5 4 0 3 1 1
-5402.8 -8844.4 14.0 222 0 13.0 5.4 7.5 2.5 4 0 3 4 4
-5134.5 -9275.2 11.8 215 0 5.2 9.1 5.0 2.5 2 1 2 5 5
-4998.7 -9237.7 15.4 306 0 6.8 13.0 7.5 2.5 2 1 3 4 4
-5039.4 -9385.8 12.5 34 0 7.8 16.0 7.5 2.5 2 1 3 4 4
-5136.3 -9291.7 12.0 212 0 7.8 9.6 7.5 2.5 2 1 3 1 1
-5088.2 -9158.3 11.5 308 0 11.1 9.1 5.0 2.5 2 0 2 2 2
-5108.4 -9172.7 11.3 215 0 10.8 8.9 5.0 2.5 2 0 2 2 2
-4908.2 -9485.6 10.7 301 0 15.8 11.1 7.5 0.0 0 0 3 5 5
-5061.2 -9335.1 13.6 212 0 12.1 9.4 7.5 2.5 2 0 3 1 1
-5200.2 -9132.9 9.0 219 0 6.0 7.9 7.5 2.5 2 1 3 3 3
-5218.9 -9168.0 8.6 133 0 5.3 15.6 7.5 2.5 2 1 3 4 4
-5225.9 -9140.5 8.9 222 0 14.1 8.4 5.0 2.5 2 0 2 5 5
-5072.7 -9361.1 12.9 123 0 14.6 16.8 7.5 2.5 2 1 3 0 0
-5154.3 -9149.0 9.0 41 0 7.3 16.2 7.5 2.5 2 1 3 5 5
-4892.1 -9514.8 10.1 211 0 13.3 15.5 7.5 2.5 2 1 3 5 5
-5008.9 -9221.6 15.0 130 0 6.3 10.4 2.5 2.5 2 1 1 2 2
-5067.7 -9152.5 12.1 305 0 9.7 6.7 2.5 0.0 0 0 1 0 0
-5023.7 -9208.9 14.3 128 0 11.3 7.4 5.0 2.5 2 0 2 2 2
-5020.2 -9330.2 14.1 31 0 13.8 7.9 7.5 2.5 2 0 3 5 5
-5058.9 -9261.1 14.0 227 0 11.2 7.4 2.5 2.5 2 0 1 5 5
-5027.5 -9393.4 12.4 34 0 6.6 12.8 7.5 2.5 2 1 3 0 0
-5069.3 -9460.5 10.1 36 0 12.0 15.7 5.0 2.5 2 1 2 2 2
-5228.8 -9536.0 6.3 228 0 16.3 7.1 7.5 2.5 2 0 3 1 1
-5073.8 -9012.7 10.6 308 0 15.9 12.3 5.0 2.5 2 0 2 1 1
-4834.1 -9569.2 9.1 212 0 14.2 14.7 7.5 2.5 2 1 3 1 1
-4885.9 -9550.1 9.3 32 0 11.9 6.2 5.0 2.5 2 0 2 1 1
-4932.0 -9298.6 15.9 310 0 9.2 4.0 7.5 2.5 2 0 3 2 2
-5182.9 -9305.3 10.7 221 0 11.1 19.1 5.0 2.5 2 1 2 1 1
-5028.1 -9111.0 12.8 129 0 13.7 11.3 2.5 2.5 2 0 1 4 4
-4867.3 -9306.4 16.4 132 0 14.9 10.0 7.5 2.5 2 0 3 2 2
-4817.8 -9456.2 12.6 130 0 21.2 8.9 7.5 2.5 2 0 3 4 4
-5072.2 -9181.2 12.3 39 0 7.8 6.7 7.5 2.5 2 0 3 2 2
-5196.1 -9320.9 10.5 214 0 9.7 20.5 5.0 2.5 2 1 2 5 5
-5216.3 -9359.8 10.4 218 0 10.1 9.3 2.5 2.5 4 0 1 0 0
-5001.3 -9090.4 13.4 312 0 6.4 7.3 7.5 2.5 2 1 3 3 3
-4773.1 -9567.4 9.8 30 0 17.8 15.9 10.0 2.5 2 0 4 5 5
-4928.2 -9257.2 17.1 221 0 7.1 8.7 5.0 2.5 2 1 2 1 1
-4921.7 -9036.8 15.2 312 0 6.8 6.9 2.5 0.0 0 1 1 1 1
-5111.0 -9326.5 13.2 213 0 13.2 13.4 5.0 2.5 2 1 2 0 0
-5133.5 -9375.1 12.0 123 0 9.6 8.6 5.0 2.5 2 0 2 0 0
-5053.2 -9176.1 12.9 37 0 8.2 6.0 7.5 2.5 2 0 3 0 0
-4835.5 -9440.4 12.9 128 0 15.9 5.0 5.0 2.5 2 0 2 5 5
-5002.4 -9077.8 13.2 312 0 7.5 8.6 5.0 2.5 2 1 2 4 4
-5208.4 -9365.6 10.7 216 0 9.5 18.4 2.5 2.5 2 1 1 3 3
-5014.5 -9074.6 12.7 314 0 11.7 6.3 7.5 0.0 0 0 3 4 4
-4873.8 -9587.2 8.3 304 0 5.6 16.3 7.5 2.5 2 1 3 3 3
-5143.4 -9359.5 12.3 126 0 14.3 15.2 7.5 2.5 2 1 3 5 5
-5086.5 -9293.8 13.5 222 0 11.4 6.2 7.5 2.5 2 0 3 0 0
-5226.5 -9467.8 8.5 130 0 10.6 20.6 5.0 2.5 2 1 2 4 4
-4951.3 -9063.0 14.6 132 0 10.2 9.8 5.0 2.5 2 0 2 0 0
-4881.3 -9568.4 8.7 305 0 11.9 8.3 2.5 2.5 2 0 1 4 4
-4860.2 -9261.9 17.4 315 0 8.2 10.9 5.0 2.5 2 1 2 1 1
-4877.5 -9277.8 17.1 135 0 9.5 11.3 7.5 2.5 2 1 3 1 1
-4931.3 -9143.0 16.2 311 0 11.8 7.7 5.0 2.5 2 0 2 4 4
-4776.0 -9521.5 11.2 131 0 13.0 14.6 5.0 2.5 2 1 2 0 0
-4938.1 -9160.0 16.2 44 0 10.2 6.3 5.0 2.5 2 0 2 5 5
-4864.7 -9280.9 16.7 220 0 18.5 20.2 12.5 2.5 2 1 5 5 5
-4831.5 -9553.4 9.7 29 0 14.8 16.7 10.0 2.5 4 1 4 1 1
-4791.2 -9449.9 13.1 125 0 5.8 11.7 7.5 2.5 2 1 3 3 3
-4788.0 -9460.3 12.9 126 0 8.4 12.2 5.0 0.0 0 1 2 1 1
-4943.7 -9142.7 15.8 314 0 7.2 13.8 2.5 2.5 2 1 1 1 1
-5196.2 -9562.3 6.0 51 0 15.7 10.1 7.5 2.5 2 0 3 3 3
-5039.4 -9441.7 10.8 34 0 15.0 9.9 2.5 2.5 2 0 1 5 5
-4815.6 -9503.5 11.2 308 0 8.9 6.8 7.5 2.5 2 0 3 2 2
-4937.7 -9105.9 15.6 128 0 9.1 15.5 5.0 2.5 2 1 2 1 1
-5201.0 -9330.1 10.5 214 0 10.2 18.7 2.5 2.5 2 1 1 0 0
-4948.8 -8999.9 14.0 224 0 5.4 13.3 7.5 2.5 2 1 3 3 3
-4985.8 -9276.2 15.9 296 0 28.3 8.0 5.0 0.0 0 0 2 0 0
-4839.3 -9355.4 14.8 310 0 10.5 16.8 5.0 2.5 2 1 2 5 5
-4844.9 -9584.1 8.7 212 0 12.6 15.6 10.0 2.5 2 1 4 0 0
-5222.9 -9348.9 9.5 39 0 16.4 14.1 5.0 2.5 2 0 2 0 0
-4824.2 -9543.8 10.1 30 0 7.3 18.3 5.0 2.5 2 1 2 4 4
-5019.8 -9052.6 12.3 313 0 9.4 10.3 5.0 2.5 2 1 2 4 4
-5208.2 -9337.7 10.3 218 0 9.3 18.6 5.0 2.5 2 1 2 3 3
-4954.6 -9294.4 15.7 300 0 13.9 9.6 2.5 2.5 2 0 1 2 2
-4938.9 -9208.5 16.6 43 0 6.8 14.2 2.5 2.5 2 1 1 3 3
-5015.0 -9105.5 13.3 132 0 5.4 12.6 7.5 0.0 0 1 3 0 0
-5140.4 -9331.6 12.4 215 0 16.2 21.0 7.5 2.5 2 1 3 3 3
-4991.3 -9052.6 13.2 317 0 11.4 7.7 5.0 2.5 2 0 2 4 4
-4985.1 -9050.2 13.5 136 0 7.4 10.7 7.5 2.5 2 1 3 3 3
-4871.3 -8996.5 16.4 217 0 12.2 16.9 5.0 2.5 4 1 2 4 4
-5157.1 -8896.5 12.8 42 0 18.3 18.0 7.5 2.5 2 0 3 5 5
-4772.0 -9052.7 20.2 221 0 22.3 14.3 7.5 2.5 2 0 3 4 4
-4997.8 -9132.0 14.2 129 0 4.7 8.8 7.5 2.5 2 1 3 0 0
-5119.7 -8883.9 12.9 140 0 11.3 7.0 5.0 2.5 4 0 2 0 0
-4961.3 -9039.5 14.0 136 0 13.6 8.7 5.0 2.5 2 0 2 1 1
-5128.1 -9002.9 11.0 42 0 24.7 13.1 10.0 2.5 2 0 4 1 1
-4782.8 -9028.8 19.3 40 0 15.9 9.1 7.5 0.0 0 0 3 0 0
-5214.3 -9356.7 10.1 42 0 16.6 7.8 7.5 2.5 2 0 3 0 0
-5166.6 -8908.1 12.6 44 0 10.1 17.3 2.5 2.5 2 1 1 4 4
-5090.4 -9222.8 12.0 42 0 13.8 15.5 7.5 2.5 2 1 3 0 0
-4838.9 -9032.9 17.7 309 0 9.9 7.4 5.0 2.5 2 0 2 2 2
-5157.0 -8981.1 11.4 130 0 8.6 7.4 7.5 2.5 2 0 3 3 3
-4776.1 -9382.7 14.8 305 0 7.6 14.0 2.5 2.5 2 1 1 0 0
-5078.4 -9321.8 13.7 207 0 18.7 18.5 7.5 2.5 2 0 3 4 4
-4831.8 -9511.0 11.0 123 0 9.2 7.7 7.5 2.5 4 0 3 1 1
-4973.0 -9070.5 13.9 318 0 16.2 7.6 7.5 2.5 2 0 3 4 4
-5070.8 -8894.9 12.6 318 0 8.5 13.4 2.5 2.5 2 1 1 4 4
-5001.1 -9377.2 13.0 45 0 13.0 13.1 7.5 2.5 2 1 3 0 0
-4811.4 -9024.8 18.5 129 0 11.3 4.4 7.5 2.5 2 0 3 1 1
-5013.8 -8983.4 11.7 225 0 14.2 18.4 7.5 2.5 2 1 3 5 5
-5041.0 -9123.1 12.5 131 0 15.6 16.5 10.0 2.5 2 1 4 3 3
-5164.2 -9326.7 11.3 306 0 14.2 18.1 7.5 2.5 2 1 3 2 2
-5247.5 -9407.2 9.6 308 0 27.6 5.9 5.0 2.5 2 0 2 3 3
-5116.9 -9297.4 12.7 206 0 25.4 9.1 5.0 2.5 2 0 2 5 5
-4828.0 -9478.7 11.9 131 0 20.4 7.4 7.5 2.5 2 0 3 5 5
-4982.8 -9060.0 13.5 316 0 10.6 7.9 7.5 2.5 2 0 3 3 3
-4977.3 -9059.0 13.9 136 0 4.8 11.0 7.5 2.5 2 1 3 2 2
-4775.2 -9017.8 19.4 40 0 9.5 7.3 7.5 2.5 4 0 3 5 5
-5053.4 -9217.7 13.6 222 0 16.2 18.7 5.0 2.5 2 1 2 2 2
-5023.5 -9137.2 13.3 132 0 11.0 5.5 5.0 2.5 2 0 2 4 4
-5167.1 -9317.1 11.4 215 0 9.9 17.0 7.5 0.0 0 1 3 0 0
-5121.7 -8864.1 13.2 230 0 8.5 5.1 2.5 2.5 2 0 1 5 5
-5304.0 -9349.3 7.5 217 0 8.7 10.7 2.5 2.5 2 1 1 3 3
-5165.6 -9300.0 10.8 312 0 17.6 9.0 5.0 2.5 4 0 2 0 0
-4898.4 -8968.6 14.4 44 0 10.1 24.7 7.5 2.5 2 1 3 4 4
-5079.5 -9388.9 12.1 122 0 4.9 12.1 5.0 2.5 2 1 2 5 5
-4935.8 -9041.4 14.9 135 0 6.0 8.6 7.5 2.5 2 1 3 1 1
-5133.9 -9320.7 12.5 215 0 8.3 20.5 2.5 2.5 4 1 1 3 3
