-22.1 -9823.2 -7.3 112 0 5.0 9.9 5.0 0.0 0 1 2 1 1
-5349.4 -3149.5 -5.2 127 0 37.2 22.9 7.5 0.0 0 0 3 5 5
-5296.6 -3125.9 -5.1 35 0 24.0 48.4 15.0 2.5 2 1 6 3 3
-5315.9 -3069.3 -4.9 215 0 24.0 48.4 7.5 2.5 2 1 3 4 4
-5231.5 -3085.2 -3.4 290 0 23.6 13.9 7.5 2.5 2 0 3 0 0
-5297.1 -3293.7 -3.1 125 0 10.5 30.6 10.0 2.5 4 1 4 3 3
-5215.2 -3321.9 -1.9 23 0 33.9 20.6 10.0 0.0 0 0 4 3 3
-5355.2 -3385.1 -2.6 310 0 57.8 25.2 15.0 2.5 2 0 6 4 4
-5622.8 -2993.0 -3.6 133 0 45.4 18.0 10.0 2.5 2 0 4 3 3
-5071.5 -5131.1 -2.2 137 0 78.9 141.9 10.0 0.0 0 1 4 4 4
-4800.4 -5053.0 -1.6 47 0 141.9 78.9 12.5 0.0 0 0 5 2 2
-4595.2 -5039.7 -1.5 47 0 141.9 78.9 7.5 0.0 0 0 3 4 4
