-2800.9 11217.4 -12.8 117 0 14.3 27.6 10.5 3.5 2 1 3 2 2
-1720.1 10417.0 -13.8 235 0 46.1 76.1 14.0 0.0 0 1 4 0 0
-2959.9 10499.6 -14.5 39 0 108.3 70.2 14.0 0.0 0 0 4 0 0
-2040.6 5617.7 -5.4 126 0 15.0 43.2 14.0 3.5 2 1 4 4 4
-2052.6 5660.6 -5.1 125 0 14.9 13.0 14.0 3.5 2 0 4 3 3
-3427.6 9511.8 -9.2 214 0 25.1 13.5 14.0 3.5 2 0 4 2 2
-3414.7 9504.4 -9.2 213 0 22.2 9.6 10.5 3.5 2 0 3 5 5
-3393.4 9506.2 -9.2 303 0 11.4 23.0 14.0 3.5 2 1 4 2 2
-3385.0 9486.6 -9.1 35 0 23.8 10.8 14.0 0.0 0 0 4 3 3
-3196.8 10977.1 -13.3 316 0 15.0 20.1 10.5 3.5 2 1 3 4 4
-3184.5 10959.3 -13.3 317 0 14.5 10.5 10.5 3.5 2 0 3 4 4
1280.0 2976.3 -3.0 127 0 38.4 46.9 10.0 0.0 0 1 4 0 0
-2219.4 10461.2 -12.4 41 0 50.1 41.8 14.0 0.0 0 0 4 3 3
-3384.3 10235.2 -11.2 293 0 47.1 32.9 14.0 0.0 0 0 4 4 4
-2908.5 9974.8 -10.5 2 0 33.7 52.1 14.0 0.0 0 1 4 1 1
-4079.5 10161.8 -12.7 43 0 16.9 15.3 14.0 3.5 2 0 4 2 2
-6386.1 8090.8 -8.8 11 0 15.9 37.6 17.5 3.5 2 1 5 0 0
-6521.6 8116.5 -8.1 187 0 22.3 57.9 17.5 3.5 2 1 5 5 5
-6502.4 8216.7 -9.4 185 0 22.4 33.0 17.5 0.0 0 1 5 3 3
-6522.0 8158.8 -8.4 189 0 43.3 27.4 17.5 0.0 0 0 5 0 0
-4351.2 9134.3 -10.4 296 0 17.0 17.2 14.0 3.5 2 1 4 4 4
-5868.4 9436.4 -10.2 18 0 23.4 37.1 14.0 0.0 0 1 4 4 4
-5916.0 9467.7 -9.8 286 0 22.8 20.3 14.0 3.5 2 0 4 5 5
-6562.5 9583.1 -7.8 58 0 8.4 24.1 10.5 3.5 2 1 3 5 5
-6496.1 9616.2 -6.2 21 0 25.2 7.0 10.5 3.5 2 0 3 5 5
-6479.7 9669.8 -5.5 54 0 7.1 15.0 10.5 3.5 2 1 3 5 5
-6571.4 9738.8 -7.1 174 0 40.9 12.7 14.0 0.0 0 0 4 5 5
-6606.4 9540.2 -8.7 177 0 19.7 12.6 14.0 3.5 2 0 4 1 1
-6608.3 9567.7 -9.1 177 0 20.6 12.7 14.0 3.5 2 0 4 2 2
-6550.7 9541.4 -7.1 14 0 20.1 8.1 10.5 3.5 2 0 3 3 3
-6537.5 9531.9 -6.7 19 0 19.9 8.4 10.5 3.5 2 0 3 0 0
-6507.3 9586.1 -6.4 23 0 15.8 11.1 14.0 3.5 2 0 4 5 5
-6752.3 9248.2 -9.5 109 0 71.6 19.7 17.5 3.5 4 0 5 2 2
-6667.1 9319.7 -9.2 289 0 20.5 70.2 17.5 3.5 2 1 5 4 4
-6675.3 9344.6 -9.4 19 0 19.7 73.7 17.5 3.5 2 1 5 2 2
-6661.9 9368.6 -9.4 20 0 14.3 89.0 17.5 3.5 2 1 5 5 5
-6754.1 9421.6 -9.7 290 0 11.8 30.7 17.5 3.5 2 1 5 0 0
-6627.3 9373.8 -8.6 355 0 36.2 14.9 17.5 3.5 4 0 5 5 5
-6673.9 9468.8 -9.3 290 0 16.9 38.2 17.5 0.0 0 1 5 2 2
-6636.4 9485.0 -9.3 3 0 15.5 41.9 17.5 0.0 0 1 5 4 4
-6648.8 9549.8 -9.4 319 0 11.0 52.0 17.5 3.5 4 1 5 2 2
-6643.0 9228.8 -8.4 17 0 18.7 22.6 17.5 3.5 2 1 5 5 5
-6827.1 9330.3 -9.9 109 0 26.4 44.0 17.5 0.0 0 1 5 3 3
-6797.3 9412.6 -9.8 199 0 23.8 11.3 17.5 3.5 4 0 5 2 2
-6821.3 9418.9 -9.9 146 0 17.7 43.2 17.5 3.5 2 1 5 3 3
-6817.6 9580.5 -10.2 282 0 48.0 23.9 17.5 0.0 0 0 5 5 5
-5757.6 9417.2 -11.2 285 0 18.8 20.4 17.5 3.5 2 1 5 2 2
-5689.3 9385.5 -11.7 17 0 19.0 55.0 17.5 0.0 0 1 5 4 4
-5789.4 9562.8 -10.4 206 0 25.3 22.9 17.5 0.0 0 0 5 1 1
-6460.9 10812.2 -12.9 49 0 7.9 47.3 10.5 3.5 2 1 3 1 1
-6473.1 10801.5 -12.8 49 0 7.9 47.3 10.5 0.0 0 1 3 3 3
-6493.0 10785.0 -12.7 49 0 7.9 47.3 10.5 3.5 2 1 3 5 5
-6506.8 10773.3 -12.6 49 0 7.9 47.3 10.5 3.5 2 1 3 3 3
-6474.7 10875.8 -13.0 49 0 7.9 47.3 10.5 3.5 2 1 3 5 5
-6626.9 11048.5 -12.9 229 0 7.9 47.3 10.5 3.5 2 1 3 5 5
-6580.6 10858.9 -12.5 49 0 7.9 47.3 10.5 3.5 2 1 3 1 1
-6566.9 10870.6 -12.6 49 0 7.9 47.3 10.5 3.5 2 1 3 4 4
-6547.0 10887.2 -12.7 49 0 7.9 47.3 10.5 3.5 2 1 3 4 4
-6534.8 10897.8 -12.8 49 0 7.9 47.3 10.5 3.5 2 1 3 2 2
-6659.8 10949.1 -12.5 229 0 7.9 47.3 10.5 3.5 2 1 3 3 3
-6646.0 10960.9 -12.6 229 0 7.9 47.3 10.5 0.0 0 1 3 4 4
-6626.1 10977.4 -12.7 229 0 7.9 47.3 10.5 3.5 4 1 3 0 0
-6614.0 10988.0 -12.8 229 0 7.9 47.3 10.5 3.5 2 1 3 2 2
-6733.2 11031.7 -12.4 229 0 7.9 47.3 10.5 3.5 2 1 3 2 2
-6719.5 11043.4 -12.5 229 0 7.9 47.3 10.5 3.5 2 1 3 1 1
-6699.6 11059.9 -12.6 229 0 7.9 47.3 10.5 3.5 4 1 3 3 3
-6687.4 11070.5 -12.7 229 0 7.9 47.3 10.5 3.5 2 1 3 4 4
-4614.8 8334.2 -6.4 274 0 16.3 14.9 14.0 3.5 2 0 4 4 4
-4252.5 6474.0 -5.3 12 0 7.5 45.7 10.5 3.5 2 1 3 5 5
-4251.5 6518.2 -5.2 358 0 19.3 53.1 14.0 3.5 2 1 4 2 2
-4753.7 7000.0 -3.4 233 0 84.4 18.9 17.5 3.5 2 0 5 3 3
-5773.9 7483.5 -7.9 188 0 10.2 79.0 21.0 0.0 0 1 6 3 3
-3667.4 9467.3 -9.8 115 0 33.5 20.6 14.0 0.0 0 0 4 3 3
-5821.8 8793.8 -9.4 21 0 26.5 93.9 14.0 0.0 0 1 4 5 5
-5751.8 8876.0 -10.8 23 0 38.9 87.5 17.5 0.0 0 1 5 1 1
-5504.2 5935.7 -2.1 17 0 18.8 32.2 17.5 0.0 0 1 5 4 4
-3449.9 10298.0 -10.3 111 0 14.0 17.0 14.0 3.5 2 1 4 3 3
-3868.2 6046.7 -3.4 170 0 17.2 19.9 14.0 3.5 2 1 4 5 5
-5992.2 9560.5 -8.8 119 0 17.8 33.0 14.0 3.5 2 1 4 1 1
-2678.1 11794.5 -14.5 31 0 9.6 20.7 10.5 3.5 4 1 3 5 5
-3897.8 6224.3 -4.0 185 0 16.4 34.6 14.0 3.5 2 1 4 0 0
