3972.8 -3253.1 0.3 97 0 24.1 126.2 10.5 0.0 0 1 3 2 2
4002.5 -2991.3 -0.8 277 0 24.1 126.2 10.5 0.0 0 1 3 1 1
4052.0 -3043.9 -1.1 7 0 126.2 24.0 10.5 0.0 0 0 3 4 4
4035.7 -3185.4 -0.7 7 0 126.2 24.0 10.5 0.0 0 0 3 2 2
3930.4 -3140.2 2.0 185 0 83.8 27.4 10.5 0.0 0 0 3 0 0
3958.5 -3009.7 1.5 277 0 27.8 66.0 10.5 0.0 0 1 3 0 0
3743.2 -4387.0 -1.7 14 0 13.6 32.0 10.0 2.5 2 1 4 4 4
3733.5 -4357.7 -2.1 284 0 32.0 13.6 7.5 2.5 2 0 3 3 3
3738.3 -4402.2 -1.2 14 0 7.4 31.2 7.5 2.5 2 1 3 2 2
3591.6 -4065.5 -6.9 257 0 10.9 15.7 2.5 0.0 0 1 1 5 5
3610.2 -4061.4 -6.6 259 0 8.7 16.9 7.5 2.5 2 1 3 2 2
3620.0 -4120.8 -6.7 78 0 8.6 16.3 7.5 2.5 2 1 3 3 3
3602.5 -4124.7 -6.0 78 0 8.6 16.3 2.5 2.5 2 1 1 4 4
3653.5 -4087.3 -6.3 347 0 16.4 17.1 10.0 2.5 2 1 4 4 4
3625.8 -4171.1 -4.9 77 0 8.6 16.3 7.5 2.5 2 1 3 0 0
3590.2 -4179.5 -5.1 77 0 8.7 36.7 5.0 2.5 2 1 2 3 3
3566.8 -4115.4 -5.7 167 0 36.7 8.7 7.5 2.5 2 0 3 4 4
3551.3 -4127.4 -5.4 168 0 16.3 8.6 5.0 2.5 2 0 2 1 1
3538.1 -4111.9 -5.7 168 0 16.3 8.6 5.0 2.5 2 0 2 2 2
3540.5 -4042.5 -7.2 256 0 17.7 11.0 10.0 2.5 2 0 4 0 0
3630.8 -4454.7 -2.3 167 0 16.3 8.6 2.5 0.0 0 0 1 5 5
3646.1 -4434.8 -2.3 348 0 16.3 8.6 5.0 2.5 2 0 2 3 3
3629.8 -4483.9 -2.2 168 0 16.3 8.6 5.0 2.5 2 0 2 0 0
3674.4 -4482.0 -1.6 78 0 8.6 16.3 7.5 2.5 2 1 3 4 4
3538.0 -4335.9 -4.0 167 0 14.7 23.4 10.0 2.5 2 1 4 4 4
3565.2 -4442.0 -2.8 168 0 13.4 19.3 12.5 2.5 2 1 5 5 5
3631.8 -4378.7 -3.3 348 0 19.6 32.6 7.5 2.5 2 1 3 5 5
3614.9 -4312.8 -3.0 258 0 8.6 16.3 7.5 2.5 2 1 3 5 5
3458.9 329.3 -1.9 113 0 24.8 122.5 10.0 0.0 0 1 4 5 5
3537.9 440.1 -2.0 293 0 24.8 122.5 10.0 0.0 0 1 4 5 5
3521.0 312.8 -2.1 113 0 24.8 122.5 7.5 0.0 0 1 3 1 1
3498.4 485.1 -1.4 20 0 11.4 39.2 10.0 2.5 2 1 4 2 2
3505.9 516.5 -1.3 20 0 12.6 46.4 10.0 2.5 4 1 4 3 3
3525.6 572.3 -1.2 20 0 11.9 91.4 7.5 2.5 2 1 3 0 0
3541.5 622.5 -1.0 20 0 11.9 91.4 7.5 2.5 2 1 3 5 5
3426.9 665.3 -0.3 288 0 12.3 86.9 5.0 0.0 0 1 2 2 2
3411.2 504.6 -0.7 108 0 12.2 86.9 5.0 2.5 2 1 2 4 4
3293.9 707.1 0.3 200 0 11.9 91.4 7.5 0.0 0 1 3 2 2
3436.7 498.9 -0.9 109 0 10.5 40.5 7.5 0.0 0 1 3 5 5
3451.4 540.7 -0.8 109 0 10.5 40.5 7.5 2.5 2 1 3 0 0
3281.3 525.4 0.1 293 0 10.5 40.5 10.0 2.5 2 1 4 5 5
3262.5 541.1 0.3 292 0 10.3 48.7 7.5 0.0 0 1 3 2 2
3286.6 478.1 -0.0 112 0 10.3 48.7 10.0 2.5 2 1 4 4 4
3369.0 582.2 -0.4 200 0 11.4 39.2 7.5 2.5 4 1 3 2 2
3356.6 528.4 -0.3 108 0 10.1 31.3 10.0 2.5 2 1 4 5 5
3386.9 519.3 -0.5 108 0 10.1 31.3 7.5 2.5 2 1 3 3 3
3377.6 608.6 -0.1 198 0 31.3 10.1 7.5 2.5 2 0 3 2 2
3339.7 755.1 -0.0 197 0 21.7 70.1 10.0 2.5 2 1 4 3 3
3649.3 647.6 -2.0 110 0 21.8 34.1 10.0 0.0 0 1 4 5 5
1477.9 1744.2 4.5 138 0 25.1 192.1 12.5 0.0 0 1 5 2 2
1651.1 1847.7 4.4 318 0 25.2 155.4 7.5 0.0 0 1 3 4 4
2015.4 -2418.9 -4.0 307 0 18.5 107.7 14.0 0.0 0 1 4 1 1
2033.0 -2432.5 -3.8 307 0 18.5 107.7 14.0 0.0 0 1 4 1 1
2050.0 -2446.4 -3.5 307 0 18.5 107.7 14.0 0.0 0 1 4 3 3
2021.7 -2578.1 -4.8 38 0 18.7 151.2 14.0 0.0 0 1 4 5 5
1916.0 -2466.6 -4.4 216 0 17.2 35.3 14.0 3.5 4 1 4 3 3
1929.5 -2447.3 -3.9 216 0 17.2 35.3 14.0 3.5 2 1 4 5 5
2068.1 -2462.5 -3.0 307 0 16.9 78.3 14.0 3.5 4 1 4 5 5
2084.6 -2476.8 -2.7 307 0 16.9 78.3 14.0 0.0 0 1 4 1 1
2006.3 -2598.5 -4.4 39 0 20.3 103.0 14.0 0.0 0 1 4 4 4
2072.1 -2433.3 -2.2 309 0 168.2 19.7 14.0 0.0 0 0 4 4 4
1764.3 -2636.9 -4.0 125 0 14.2 24.2 10.0 0.0 0 1 4 2 2
2277.5 -2147.4 -0.4 316 0 10.2 11.6 5.0 2.5 2 1 2 3 3
2717.4 -4393.1 -0.3 79 0 22.9 24.4 7.5 2.5 2 1 3 4 4
2768.3 -4382.6 -0.8 78 0 73.4 22.5 7.5 0.0 0 0 3 0 0
2725.0 -4353.1 -1.0 168 0 22.6 73.4 10.0 0.0 0 1 4 2 2
2767.0 -4264.8 -1.6 257 0 24.8 62.2 7.5 0.0 0 1 3 2 2
3147.7 -4873.2 -0.4 116 0 25.5 23.8 10.0 0.0 0 0 4 1 1
3617.8 -2164.2 -2.1 105 0 12.7 35.9 7.5 2.5 4 1 3 3 3
