-4735.2 -1630.6 -0.7 249 0 277.9 74.7 12.5 0.0 0 0 5 0 0
-4730.9 -1751.5 2.0 248 0 213.4 73.2 7.5 0.0 0 0 3 3 3
-35.5 -7833.7 -1.6 48 0 121.5 25.2 12.5 0.0 0 0 5 2 2
-114.1 -7843.2 -2.3 138 0 22.5 136.6 12.5 0.0 0 1 5 4 4
-93.7 -7765.7 -2.9 227 0 137.4 24.0 10.0 0.0 0 0 4 1 1
11.0 -7715.9 -4.1 318 0 70.4 23.8 10.0 0.0 0 0 4 3 3
-3247.9 -2054.3 3.9 249 0 46.8 15.8 7.5 2.5 4 0 3 5 5
-3319.4 -1844.4 -0.0 70 0 69.7 14.4 12.5 2.5 2 0 5 3 3
-3316.9 -1873.0 0.2 250 0 24.2 10.6 10.0 2.5 2 0 4 0 0
-3275.8 -1985.9 1.7 70 0 23.9 11.4 10.0 2.5 2 0 4 0 0
-3277.2 -1919.6 0.5 340 0 21.7 33.5 12.5 0.0 0 0 5 4 4
-3981.3 -2050.4 3.0 249 0 11.3 21.2 7.5 2.5 2 1 3 2 2
-3929.6 -2136.8 3.4 68 0 10.8 9.6 5.0 2.5 2 0 2 3 3
-3986.2 -1985.2 2.7 248 0 14.2 30.6 7.5 2.5 2 1 3 5 5
-3930.8 -2068.4 3.2 250 0 53.1 35.2 7.5 0.0 0 0 3 1 1
4998.3 -10341.2 -3.2 238 0 11.8 28.7 12.5 2.5 2 1 5 5 5
4925.4 -10429.1 -8.9 61 0 17.6 10.6 10.0 0.0 0 0 4 5 5
4879.0 -10405.6 -10.3 242 0 19.8 26.4 10.0 2.5 2 1 4 5 5
4893.9 -10447.4 -10.6 152 0 27.8 21.4 10.0 2.5 2 0 4 1 1
4990.3 -10393.8 -5.0 57 0 16.5 7.8 5.0 2.5 2 0 2 3 3
4939.8 -10383.8 -6.6 241 0 9.3 15.0 7.5 2.5 2 1 3 4 4
4953.5 -10371.9 -5.9 242 0 9.3 24.6 7.5 2.5 2 1 3 5 5
4986.0 -10421.1 -6.6 61 0 18.8 30.9 12.5 2.5 2 1 5 5 5
5990.4 -12189.5 -23.9 27 0 19.1 44.6 12.5 2.5 2 1 5 4 4
5312.9 -11806.5 -20.0 310 0 24.1 25.7 10.0 0.0 0 1 4 0 0
5287.6 -11976.9 -20.1 71 0 12.4 48.8 7.5 2.5 2 1 3 2 2
5240.5 -10399.5 -8.3 61 0 21.0 44.4 7.5 2.5 2 1 3 3 3
5141.8 -10381.7 -9.6 244 0 19.6 14.7 10.0 2.5 2 0 4 3 3
6907.8 -10699.5 -17.5 61 0 12.3 16.5 5.0 2.5 2 1 2 0 0
5130.9 -11235.8 -18.6 69 0 11.2 38.2 12.5 2.5 4 1 5 3 3
5263.8 -10765.5 -10.1 62 0 20.3 25.0 5.0 2.5 2 1 2 2 2
6376.0 -11880.9 -25.7 141 0 9.8 21.9 2.5 2.5 2 1 1 1 1
5764.7 -11996.3 -22.7 70 0 37.2 122.7 10.0 0.0 0 1 4 1 1
5620.6 -10537.9 -6.6 56 0 14.3 28.8 12.5 2.5 2 1 5 5 5
5097.6 -11697.3 -18.7 222 0 14.7 27.9 10.0 2.5 2 1 4 2 2
5161.2 -10369.9 -9.2 238 0 18.4 22.2 10.0 2.5 2 1 4 1 1
5886.5 -10929.0 -10.1 307 0 14.6 16.9 7.5 2.5 2 1 3 4 4
5479.7 -11735.8 -20.7 36 0 13.1 10.8 2.5 0.0 0 0 1 3 3
5215.1 -11624.7 -19.2 138 0 15.1 14.1 7.5 0.0 0 0 3 2 2
5290.6 -10754.0 -10.0 63 0 21.4 27.8 10.0 2.5 4 1 4 4 4
6401.2 -11920.3 -25.9 139 0 12.3 29.7 10.0 2.5 2 1 4 0 0
6242.6 -11993.6 -25.2 27 0 21.6 23.0 12.5 2.5 2 1 5 4 4
5459.2 -11751.9 -20.7 36 0 34.7 14.6 10.0 2.5 2 0 4 0 0
5450.7 -11973.5 -21.0 338 0 10.8 20.0 2.5 2.5 2 1 1 0 0
5334.2 -10563.1 -7.8 61 0 11.3 24.3 7.5 2.5 2 1 3 4 4
5235.9 -11548.4 -19.1 319 0 22.9 50.2 10.0 2.5 2 1 4 0 0
5117.2 -11543.2 -19.2 137 0 15.3 27.5 10.0 2.5 2 1 4 4 4
5143.8 -11774.4 -19.1 43 0 25.5 52.4 10.0 2.5 2 1 4 3 3
5864.8 -10971.5 -10.2 131 0 9.2 10.6 5.0 2.5 2 1 2 3 3
5405.7 -12026.5 -20.9 70 0 22.9 20.7 10.0 2.5 2 0 4 0 0
5378.2 -10430.8 -7.3 150 0 19.2 36.6 10.0 0.0 0 1 4 3 3
5137.4 -11351.0 -18.4 136 0 25.8 13.9 10.0 2.5 4 0 4 5 5
6198.4 -12133.1 -25.2 26 0 23.7 40.4 7.5 0.0 0 1 3 5 5
5150.0 -11568.6 -18.8 137 0 19.4 24.6 5.0 2.5 2 1 2 4 4
5431.5 -10357.5 -7.3 329 0 16.7 41.5 10.0 2.5 4 1 4 2 2
5384.5 -12218.0 -20.4 68 0 21.4 14.1 10.0 2.5 2 0 4 2 2
6259.0 -11969.4 -25.2 23 0 22.1 26.5 7.5 2.5 2 1 3 2 2
5898.6 -12144.6 -23.8 206 0 21.6 46.3 10.0 2.5 2 1 4 4 4
5541.3 -10654.6 -6.7 235 0 17.7 11.5 5.0 0.0 0 0 2 0 0
5963.5 -12216.5 -23.6 115 0 27.7 23.3 15.0 0.0 0 0 6 4 4
5918.6 -10781.2 -9.2 47 0 6.8 9.4 5.0 0.0 0 1 2 0 0
6365.9 -12054.0 -25.9 27 0 19.9 13.0 10.0 2.5 4 0 4 0 0
5430.4 -11763.9 -20.5 37 0 29.5 42.9 7.5 0.0 0 1 3 5 5
5422.1 -11550.5 -20.1 310 0 8.3 27.3 5.0 2.5 2 1 2 5 5
6419.9 -12234.0 -26.5 109 0 23.6 29.3 7.5 0.0 0 1 3 3 3
5078.1 -10341.3 -6.4 59 0 18.6 11.4 7.5 2.5 2 0 3 1 1
5325.3 -11664.1 -19.9 218 0 52.4 26.0 10.0 2.5 2 0 4 1 1
5337.5 -10368.4 -7.2 150 0 17.7 37.6 10.0 2.5 2 1 4 3 3
5158.5 -11223.4 -18.8 69 0 8.1 37.6 7.5 2.5 2 1 3 0 0
5114.7 -10833.8 -10.0 60 0 33.6 61.0 12.5 0.0 0 1 5 0 0
5557.4 -12186.0 -20.0 90 0 33.8 19.4 10.0 0.0 0 0 4 3 3
5160.0 -11447.2 -18.9 317 0 20.0 9.9 5.0 2.5 2 0 2 5 5
6387.2 -11894.7 -25.8 137 0 11.6 22.9 10.0 2.5 2 1 4 2 2
5590.6 -10484.1 -6.7 328 0 13.4 25.4 7.5 2.5 2 1 3 2 2
5906.3 -12191.0 -23.4 119 0 39.9 23.4 12.5 0.0 0 0 5 4 4
5511.2 -11550.2 -20.6 218 0 5.9 13.8 7.5 2.5 2 1 3 5 5
6046.6 -12096.2 -24.3 26 0 20.7 61.3 10.0 2.5 2 1 4 3 3
5387.2 -11668.7 -20.1 309 0 27.4 56.3 7.5 0.0 0 1 3 5 5
5203.8 -11636.3 -19.1 137 0 14.7 12.0 7.5 2.5 2 0 3 3 3
6395.2 -11954.2 -25.9 294 0 40.1 23.3 7.5 0.0 0 0 3 4 4
5324.4 -11327.2 -19.2 44 0 9.4 22.3 7.5 2.5 2 1 3 2 2
6034.8 -12118.6 -24.3 26 0 26.6 64.0 12.5 0.0 0 1 5 2 2
5162.4 -11322.6 -18.4 305 0 9.1 13.1 7.5 2.5 4 1 3 1 1
5127.6 -11670.0 -18.9 225 0 13.5 27.9 7.5 2.5 2 1 3 1 1
5105.3 -11238.6 -18.3 68 0 9.2 29.7 7.5 0.0 0 1 3 1 1
6299.8 -12010.2 -25.6 208 0 16.3 37.8 10.0 2.5 2 1 4 0 0
6139.0 -11631.4 -23.5 295 0 18.6 38.2 12.5 2.5 2 1 5 5 5
5967.5 -10809.7 -9.8 35 0 7.3 8.7 2.5 2.5 2 1 1 4 4
5082.5 -10984.7 -4.5 47 0 21.0 20.4 10.0 2.5 2 0 4 2 2
5359.1 -11776.5 -20.2 128 0 12.0 27.6 5.0 2.5 2 1 2 5 5
5441.2 -10376.1 -7.4 332 0 14.4 38.4 7.5 2.5 2 1 3 0 0
5229.1 -11289.5 -18.6 312 0 12.3 14.6 5.0 2.5 2 1 2 3 3
5254.8 -10409.5 -7.9 241 0 16.1 37.8 10.0 2.5 4 1 4 4 4
5321.4 -10632.6 -8.6 239 0 31.1 11.1 7.5 2.5 2 0 3 0 0
6014.5 -10756.1 -9.9 32 0 11.2 4.7 7.5 2.5 4 0 3 0 0
6816.3 -10583.2 -15.8 328 0 11.3 13.8 10.0 2.5 2 1 4 3 3
5797.6 -12229.1 -23.1 115 0 25.3 58.3 12.5 2.5 2 1 5 0 0
5192.7 -11334.8 -18.9 305 0 14.1 27.2 10.0 2.5 2 1 4 0 0
5593.1 -10894.6 -7.4 326 0 10.7 7.5 2.5 2.5 2 0 1 1 1
5461.2 -10412.0 -7.3 329 0 15.5 34.2 7.5 2.5 2 1 3 5 5
5787.4 -10550.0 -6.3 34 0 11.4 43.7 10.0 2.5 2 1 4 3 3
6348.5 -12075.9 -25.8 25 0 21.9 28.6 10.0 0.0 0 1 4 3 3
6927.0 -10661.2 -17.4 327 0 9.0 14.2 7.5 2.5 2 1 3 5 5
5297.3 -11722.8 -19.8 126 0 11.9 10.2 7.5 2.5 2 0 3 3 3
5421.1 -10341.6 -7.4 331 0 12.7 33.3 7.5 2.5 4 1 3 5 5
5825.5 -11039.0 -10.4 297 0 11.8 21.4 7.5 2.5 2 1 3 5 5
6859.9 -10651.8 -16.7 326 0 10.9 7.5 7.5 2.5 4 0 3 4 4
5375.2 -11788.6 -20.3 126 0 13.9 28.9 10.0 2.5 2 1 4 5 5
5779.9 -10700.0 -7.4 125 0 7.5 14.9 7.5 2.5 2 1 3 3 3
5462.7 -10565.9 -7.0 150 0 10.1 19.0 2.5 2.5 2 1 1 2 2
5380.2 -12063.9 -20.8 250 0 18.9 33.3 7.5 0.0 0 1 3 4 4
5541.2 -10395.5 -7.0 327 0 19.2 41.1 12.5 2.5 2 1 5 4 4
5383.7 -11465.1 -19.8 219 0 14.5 10.6 5.0 2.5 4 0 2 2 2
6035.5 -12014.3 -24.1 293 0 24.6 23.4 7.5 2.5 4 0 3 5 5
5448.9 -11398.4 -20.0 130 0 7.1 6.0 5.0 2.5 2 0 2 5 5
6412.7 -11931.2 -26.0 137 0 13.7 31.6 7.5 2.5 2 1 3 5 5
6053.5 -12166.5 -24.5 204 0 28.1 58.7 10.0 0.0 0 1 4 5 5
5911.6 -10866.5 -9.8 300 0 8.3 18.8 5.0 2.5 2 1 2 3 3
5836.8 -11969.6 -23.0 70 0 36.8 61.5 7.5 0.0 0 1 3 2 2
5459.9 -10724.6 -6.9 235 0 20.1 24.1 7.5 2.5 2 1 3 0 0
5780.9 -10843.6 -8.5 309 0 11.5 10.7 5.0 2.5 4 0 2 1 1
5118.2 -10621.1 -11.6 241 0 8.1 19.4 5.0 2.5 2 1 2 1 1
5209.0 -11409.7 -18.8 224 0 32.2 25.7 10.0 0.0 0 0 4 0 0
5352.6 -11395.8 -19.5 223 0 14.8 22.7 10.0 2.5 2 1 4 1 1
5369.2 -11459.9 -19.7 218 0 22.5 12.2 7.5 2.5 2 0 3 0 0
5283.9 -10620.7 -8.9 243 0 11.3 23.9 7.5 2.5 2 1 3 0 0
5308.2 -10584.4 -8.4 60 0 11.8 40.4 7.5 2.5 2 1 3 5 5
5155.6 -10593.5 -10.9 238 0 16.0 25.5 12.5 2.5 2 1 5 1 1
5922.1 -12091.5 -23.8 207 0 20.1 45.8 7.5 2.5 2 1 3 0 0
5536.2 -10799.0 -6.4 331 0 12.0 20.7 5.0 2.5 2 1 2 1 1
5655.7 -11092.2 -12.4 128 0 7.4 13.2 7.5 2.5 2 1 3 3 3
5296.8 -10613.3 -8.7 242 0 11.1 23.0 5.0 2.5 2 1 2 5 5
5736.3 -11086.9 -11.0 124 0 7.2 8.7 7.5 2.5 2 1 3 1 1
6233.8 -11793.3 -25.0 205 0 15.2 64.7 10.0 2.5 2 1 4 5 5
5489.0 -10441.6 -7.1 329 0 14.4 44.0 7.5 0.0 0 1 3 1 1
6325.2 -11958.1 -25.7 207 0 16.7 37.8 10.0 2.5 2 1 4 3 3
6291.5 -11783.8 -25.0 293 0 16.0 16.5 10.0 2.5 2 1 4 5 5
6169.0 -12207.4 -24.7 26 0 22.0 45.7 12.5 2.5 2 1 5 4 4
5184.1 -11474.8 -18.8 316 0 32.8 56.5 15.0 0.0 0 1 6 1 1
5325.5 -11789.3 -20.0 308 0 23.3 18.9 10.0 2.5 2 0 4 0 0
5385.8 -12038.2 -20.8 69 0 10.7 26.5 10.0 2.5 2 1 4 2 2
5172.8 -11647.4 -19.0 317 0 22.3 14.3 12.5 2.5 2 0 5 3 3
5454.9 -12046.9 -21.2 248 0 12.4 26.9 10.0 2.5 2 1 4 1 1
6481.6 -12135.5 -26.7 26 0 26.9 49.5 10.0 0.0 0 1 4 3 3
5216.4 -11259.0 -18.6 315 0 14.5 28.1 7.5 2.5 2 1 3 3 3
6071.0 -11887.1 -24.2 164 0 21.9 23.8 7.5 2.5 2 1 3 0 0
5324.9 -11498.9 -19.5 43 0 11.6 43.2 7.5 2.5 2 1 3 0 0
5117.1 -10758.8 -10.4 244 0 27.3 25.7 10.0 0.0 0 0 4 1 1
5606.9 -12172.2 -20.5 0 0 20.9 30.2 7.5 0.0 0 1 3 1 1
5152.4 -10474.0 -10.0 241 0 13.8 28.4 7.5 2.5 4 1 3 5 5
6102.8 -12226.9 -24.7 23 0 30.6 72.1 10.0 0.0 0 1 4 5 5
5200.8 -11645.8 -19.1 135 0 15.3 7.5 5.0 2.5 2 0 2 3 3
5378.9 -11600.4 -20.0 130 0 11.4 30.0 7.5 2.5 2 1 3 3 3
5819.4 -10730.1 -8.0 124 0 15.8 28.4 7.5 2.5 2 1 3 3 3
5373.0 -11995.0 -20.7 159 0 27.5 13.7 10.0 2.5 2 0 4 0 0
5313.5 -10412.5 -7.1 330 0 6.6 17.2 7.5 2.5 2 1 3 3 3
5326.0 -10720.5 -9.4 61 0 31.1 64.4 7.5 0.0 0 1 3 4 4
5258.0 -10523.2 -8.6 240 0 11.7 37.4 15.0 0.0 0 1 6 1 1
5165.3 -10828.6 -8.8 62 0 36.8 20.3 7.5 0.0 0 0 3 1 1
5239.8 -10644.0 -9.9 240 0 25.9 20.9 5.0 2.5 2 0 2 2 2
5458.2 -10779.1 -7.5 55 0 28.5 24.3 12.5 0.0 0 0 5 4 4
5941.8 -12134.3 -23.9 206 0 21.0 15.7 5.0 2.5 2 0 2 3 3
5557.4 -11925.0 -21.5 72 0 14.5 11.2 5.0 2.5 2 0 2 0 0
6131.8 -12064.1 -24.7 291 0 19.4 28.0 10.0 0.0 0 1 4 2 2
5693.7 -11047.3 -10.5 43 0 9.7 14.5 2.5 2.5 4 1 1 0 0
6224.4 -11541.6 -19.2 295 0 33.7 33.9 10.0 0.0 0 1 4 0 0
5396.1 -11402.6 -19.8 135 0 13.0 22.9 7.5 2.5 2 1 3 5 5
6165.9 -11798.2 -24.4 29 0 36.2 92.4 7.5 0.0 0 1 3 5 5
6327.1 -11867.9 -25.4 26 0 28.4 51.4 7.5 0.0 0 1 3 3 3
6146.2 -12074.9 -24.8 295 0 9.4 24.6 7.5 2.5 2 1 3 3 3
5282.2 -10510.0 -8.2 240 0 14.7 37.2 7.5 0.0 0 1 3 3 3
6426.3 -12159.6 -26.5 115 0 15.5 22.7 7.5 0.0 0 1 3 5 5
5102.8 -11530.6 -19.3 135 0 18.7 32.2 12.5 0.0 0 1 5 4 4
5946.7 -10978.3 -11.0 211 0 16.4 12.6 7.5 2.5 2 0 3 4 4
5651.6 -10652.2 -6.2 213 0 16.1 11.7 2.5 2.5 2 0 1 5 5
6411.3 -12043.2 -26.3 203 0 21.3 51.1 10.0 2.5 2 1 4 4 4
5469.2 -11933.3 -21.1 159 0 18.1 30.8 10.0 2.5 2 1 4 2 2
5173.3 -11303.2 -18.8 134 0 15.1 26.5 10.0 2.5 4 1 4 0 0
5412.3 -11542.3 -20.0 311 0 13.0 33.3 10.0 0.0 0 1 4 3 3
5489.8 -10487.4 -7.0 329 0 13.0 25.5 12.5 2.5 2 1 5 3 3
5502.1 -10526.9 -6.7 329 0 13.7 10.2 7.5 2.5 2 0 3 3 3
5568.2 -11741.4 -21.3 131 0 39.9 20.0 7.5 2.5 2 0 3 4 4
5925.2 -10664.4 -8.4 305 0 13.8 14.8 5.0 2.5 2 1 2 4 4
5994.6 -11991.4 -23.9 297 0 30.5 14.1 7.5 0.0 0 0 3 5 5
5268.4 -11387.9 -19.0 42 0 10.0 19.7 7.5 2.5 2 1 3 4 4
5139.5 -10939.6 -5.5 46 0 12.7 20.5 7.5 2.5 2 1 3 5 5
5393.0 -11610.5 -20.1 130 0 10.2 24.3 7.5 2.5 2 1 3 3 3
5222.5 -11339.8 -18.8 133 0 12.0 27.3 7.5 2.5 2 1 3 1 1
6396.3 -12072.0 -26.3 204 0 13.6 48.0 10.0 0.0 0 1 4 5 5
5349.2 -10392.1 -7.1 149 0 19.3 32.3 5.0 0.0 0 1 2 0 0
5604.2 -11016.1 -11.4 233 0 14.0 25.2 10.0 2.5 2 1 4 4 4
6259.4 -11516.9 -18.1 296 0 51.1 31.2 10.0 0.0 0 0 4 0 0
5327.5 -11753.2 -20.0 126 0 12.7 17.0 5.0 2.5 4 1 2 3 3
5199.6 -10633.5 -10.5 58 0 9.9 29.1 7.5 2.5 2 1 3 4 4
5125.8 -10707.0 -11.8 244 0 13.3 29.5 10.0 2.5 2 1 4 2 2
5286.7 -12008.4 -20.3 248 0 49.3 22.6 10.0 2.5 2 0 4 4 4
6003.4 -12165.6 -24.2 24 0 16.0 11.4 5.0 2.5 4 0 2 0 0
5369.1 -11324.5 -19.4 138 0 7.0 7.1 5.0 2.5 2 1 2 2 2
6250.9 -11575.0 -19.2 27 0 32.3 11.2 12.5 2.5 2 0 5 5 5
5259.6 -11396.5 -19.0 43 0 12.2 21.5 10.0 2.5 2 1 4 3 3
6384.4 -12093.2 -26.2 206 0 22.6 42.5 10.0 0.0 0 1 4 3 3
5074.6 -10626.5 -12.3 240 0 10.6 31.3 10.0 2.5 2 1 4 0 0
5398.7 -11377.5 -19.7 312 0 12.1 18.0 7.5 2.5 2 1 3 3 3
6174.3 -11753.2 -24.4 27 0 37.0 81.7 7.5 0.0 0 1 3 4 4
5156.0 -10702.3 -11.6 242 0 12.1 17.8 7.5 2.5 2 1 3 5 5
5837.6 -10685.7 -8.0 305 0 47.4 11.4 7.5 2.5 2 0 3 2 2
5061.6 -10636.2 -12.2 240 0 10.5 31.0 10.0 2.5 2 1 4 3 3
5417.0 -10495.4 -7.1 151 0 18.2 37.1 7.5 2.5 2 1 3 5 5
5213.7 -11996.3 -19.8 68 0 15.3 24.0 10.0 2.5 2 1 4 3 3
5466.0 -11514.4 -20.3 222 0 15.0 13.4 7.5 2.5 2 0 3 0 0
5174.2 -10699.3 -11.3 243 0 11.4 12.2 5.0 2.5 2 1 2 1 1
5056.2 -11930.8 -19.0 225 0 18.1 49.8 7.5 2.5 2 1 3 2 2
5347.5 -12001.3 -20.6 158 0 17.4 18.9 10.0 2.5 2 1 4 5 5
5130.6 -10478.2 -10.4 238 0 15.8 38.4 12.5 2.5 2 1 5 1 1
5398.3 -10461.0 -7.3 151 0 9.7 29.0 7.5 2.5 2 1 3 3 3
5797.4 -11982.9 -22.8 69 0 25.1 120.9 10.0 0.0 0 1 4 2 2
5496.9 -10461.2 -6.9 330 0 13.8 23.6 7.5 2.5 4 1 3 3 3
5371.0 -12134.4 -20.7 341 0 37.2 27.6 10.0 0.0 0 0 4 1 1
5388.1 -10559.6 -6.8 239 0 13.5 27.3 7.5 2.5 2 1 3 4 4
5164.0 -11182.7 -18.6 250 0 15.2 12.7 10.0 2.5 2 0 4 1 1
5068.9 -11501.8 -18.7 139 0 22.2 37.8 7.5 0.0 0 1 3 4 4
5759.9 -11025.1 -9.8 221 0 10.0 20.6 7.5 0.0 0 1 3 5 5
5365.3 -10573.1 -7.3 238 0 11.8 21.9 10.0 0.0 0 1 4 2 2
5522.5 -11683.6 -21.0 129 0 52.7 28.0 10.0 0.0 0 0 4 4 4
5318.2 -10890.9 -5.8 222 0 7.9 10.8 5.0 2.5 2 1 2 5 5
5221.0 -10429.3 -8.6 241 0 13.4 38.1 10.0 2.5 2 1 4 5 5
6109.4 -12110.8 -24.8 205 0 24.4 25.3 10.0 0.0 0 1 4 3 3
5778.8 -10793.3 -8.1 307 0 19.1 12.8 10.0 2.5 2 0 4 1 1
5420.6 -11801.6 -20.5 39 0 27.5 13.0 7.5 2.5 2 0 3 2 2
5347.0 -10468.5 -6.8 238 0 11.4 25.8 12.5 2.5 2 1 5 5 5
5663.6 -11007.5 -10.4 315 0 14.2 21.7 12.5 2.5 4 1 5 5 5
5314.2 -11735.2 -19.9 127 0 13.5 23.1 10.0 2.5 2 1 4 3 3
5749.8 -10702.5 -7.1 124 0 6.2 27.8 5.0 2.5 2 1 2 3 3
5472.2 -11585.7 -20.7 219 0 79.9 68.5 7.5 0.0 0 0 3 5 5
5261.3 -12174.6 -20.3 68 0 91.5 146.7 12.5 0.0 0 1 5 5 5
5515.1 -10606.5 -6.7 58 0 24.6 15.1 7.5 2.5 2 0 3 5 5
5197.8 -11928.0 -19.7 56 0 63.8 17.8 12.5 2.5 2 0 5 2 2
5399.4 -11351.8 -19.6 135 0 6.1 7.4 2.5 2.5 2 1 1 3 3
5130.5 -10668.9 -11.9 61 0 11.3 24.2 7.5 2.5 2 1 3 1 1
6172.0 -12148.9 -25.1 26 0 19.3 25.6 7.5 2.5 2 1 3 4 4
5758.6 -10782.6 -7.9 309 0 22.9 11.9 10.0 2.5 2 0 4 1 1
5910.5 -12119.4 -23.7 207 0 20.3 11.1 5.0 0.0 0 0 2 2 2
6123.8 -10970.5 -12.8 216 0 5.2 33.1 7.5 2.5 4 1 3 5 5
5464.6 -11917.5 -21.0 70 0 42.1 61.4 12.5 0.0 0 1 5 5 5
5724.6 -11766.2 -22.2 251 0 51.7 83.7 7.5 0.0 0 1 3 0 0
5308.6 -11349.1 -19.2 45 0 29.3 24.2 7.5 0.0 0 0 3 5 5
5484.3 -11768.3 -20.9 217 0 14.3 34.3 10.0 2.5 4 1 4 3 3
6471.4 -12162.6 -26.6 25 0 25.5 32.7 10.0 0.0 0 1 4 1 1
5148.0 -11249.8 -18.8 243 0 14.4 19.2 7.5 2.5 2 1 3 1 1
5195.7 -10445.8 -9.3 239 0 34.3 34.3 5.0 0.0 0 0 2 1 1
5147.8 -11450.6 -19.0 316 0 33.8 34.9 10.0 0.0 0 1 4 1 1
5834.6 -10967.8 -9.9 129 0 7.3 22.9 2.5 2.5 2 1 1 4 4
5515.7 -10681.6 -6.6 152 0 16.0 20.1 10.0 2.5 2 1 4 3 3
5681.9 -10872.3 -7.8 135 0 14.9 12.4 10.0 2.5 2 0 4 0 0
5079.6 -11348.8 -19.1 338 0 26.4 18.9 10.0 2.5 2 0 4 3 3
5728.9 -11211.8 -15.3 35 0 10.4 14.4 5.0 2.5 2 1 2 3 3
5735.5 -11139.2 -13.6 307 0 11.8 25.0 10.0 2.5 2 1 4 2 2
5609.6 -10619.0 -6.4 230 0 19.8 7.9 5.0 2.5 2 0 2 1 1
5752.6 -10875.1 -8.5 130 0 11.5 17.3 5.0 2.5 2 1 2 1 1
5494.4 -10760.0 -6.7 327 0 7.3 15.4 5.0 2.5 2 1 2 4 4
5806.7 -10643.9 -7.2 306 0 7.5 12.8 7.5 0.0 0 1 3 0 0
5866.6 -10657.8 -7.8 308 0 8.0 19.7 5.0 2.5 2 1 2 0 0
5815.8 -10868.8 -8.9 308 0 7.6 7.6 7.5 2.5 2 0 3 2 2
5386.4 -10833.3 -7.3 23 0 6.5 7.3 5.0 2.5 2 1 2 2 2
5392.3 -10775.8 -8.3 232 0 16.8 9.1 7.5 2.5 2 0 3 2 2
5652.1 -11257.1 -17.8 119 0 4.9 11.3 2.5 2.5 2 1 1 5 5
5411.9 -10800.6 -8.1 55 0 18.1 7.9 2.5 2.5 2 0 1 1 1
5860.6 -11105.8 -11.3 214 0 13.6 26.1 7.5 2.5 2 1 3 1 1
5650.3 -11298.2 -19.2 130 0 14.3 8.5 5.0 2.5 2 0 2 4 4
5963.0 -10690.3 -9.0 304 0 10.5 5.8 5.0 2.5 2 0 2 0 0
5365.3 -10870.0 -6.4 35 0 7.5 7.2 7.5 2.5 2 0 3 0 0
5513.4 -10709.3 -6.6 66 0 11.4 12.5 5.0 2.5 2 1 2 2 2
5661.9 -11271.5 -18.1 118 0 8.0 12.8 7.5 2.5 2 1 3 3 3
5733.5 -10670.0 -6.7 125 0 10.3 13.3 2.5 2.5 2 1 1 0 0
5673.0 -10677.5 -6.3 130 0 13.4 15.8 2.5 2.5 2 1 1 4 4
5817.9 -11225.5 -14.2 110 0 15.4 13.3 5.0 2.5 2 0 2 1 1
5667.7 -10787.7 -7.1 224 0 5.2 17.5 5.0 2.5 2 1 2 0 0
5555.4 -10781.9 -6.3 139 0 5.9 15.3 5.0 2.5 4 1 2 4 4
5083.9 -9183.2 -7.0 217 0 32.6 10.6 7.5 0.0 0 0 3 1 1
5181.4 -10115.5 -6.8 149 0 11.4 38.3 10.0 2.5 2 1 4 3 3
6370.8 -9507.9 -5.6 218 0 18.7 8.0 5.0 2.5 4 0 2 2 2
5443.2 -10245.7 -7.6 328 0 17.8 43.8 10.0 2.5 2 1 4 2 2
5177.2 -10311.3 -8.6 59 0 23.6 31.7 7.5 0.0 0 1 3 2 2
6269.6 -9631.3 -5.9 33 0 23.5 22.3 7.5 2.5 2 0 3 0 0
6386.9 -9492.8 -5.6 221 0 20.9 10.5 2.5 2.5 2 0 1 4 4
5187.8 -10138.6 -6.9 149 0 23.8 50.7 10.0 2.5 2 1 4 2 2
5093.8 -10283.5 -7.2 240 0 16.7 27.1 12.5 2.5 2 1 5 1 1
5192.3 -10228.9 -7.7 241 0 23.6 21.3 10.0 2.5 2 0 4 5 5
5383.8 -10271.9 -7.7 329 0 19.4 47.7 10.0 2.5 4 1 4 4 4
6886.5 -9250.5 -6.5 56 0 30.8 30.0 10.0 0.0 0 0 4 4 4
6481.6 -9507.5 -5.3 135 0 15.3 16.0 7.5 2.5 2 1 3 5 5
6881.2 -9600.1 -9.0 48 0 10.1 20.9 7.5 0.0 0 1 3 0 0
5454.9 -10262.3 -7.5 328 0 19.6 46.2 15.0 2.5 2 1 6 5 5
5372.4 -10219.4 -7.8 150 0 18.6 47.2 7.5 2.5 2 1 3 0 0
5348.5 -10222.7 -7.7 329 0 10.5 22.6 5.0 2.5 2 1 2 3 3
5092.4 -9210.7 -7.0 39 0 36.7 10.6 7.5 2.5 2 0 3 3 3
5341.5 -9647.1 -9.3 320 0 12.4 7.4 5.0 2.5 2 0 2 0 0
5404.5 -10174.4 -7.9 328 0 16.2 41.8 7.5 2.5 2 1 3 0 0
6925.3 -9177.9 -6.5 231 0 26.9 32.0 10.0 0.0 0 1 4 4 4
5252.3 -10094.6 -7.1 333 0 10.1 22.7 7.5 2.5 2 1 3 4 4
5424.8 -10304.8 -7.4 150 0 17.8 45.8 12.5 2.5 2 1 5 0 0
6277.3 -9520.5 -6.0 35 0 9.5 17.5 7.5 2.5 2 1 3 4 4
5396.0 -10251.1 -7.6 150 0 14.4 39.8 7.5 2.5 2 1 3 0 0
5103.8 -10251.9 -6.0 63 0 13.4 25.0 10.0 2.5 2 1 4 4 4
5228.4 -10170.5 -6.5 147 0 15.5 24.1 7.5 2.5 4 1 3 0 0
5289.0 -10121.4 -7.6 333 0 17.3 46.1 10.0 2.5 2 1 4 1 1
6680.8 -9527.3 -6.7 47 0 27.6 14.5 10.0 2.5 2 0 4 5 5
5199.7 -10160.1 -6.9 148 0 17.6 44.2 7.5 0.0 0 1 3 0 0
5372.7 -10123.4 -8.1 331 0 15.5 39.7 7.5 2.5 2 1 3 1 1
5174.9 -10204.1 -7.7 60 0 12.1 22.8 10.0 2.5 2 1 4 2 2
6854.9 -9274.0 -6.4 51 0 29.3 26.8 5.0 0.0 0 0 2 1 1
5362.0 -9669.6 -9.1 318 0 13.3 8.5 7.5 2.5 4 0 3 5 5
5384.7 -9692.9 -8.9 316 0 14.0 8.9 5.0 2.5 2 0 2 2 2
6787.6 -9082.3 -5.1 322 0 23.9 30.3 10.0 0.0 0 1 4 5 5
5392.7 -10156.5 -7.9 329 0 16.7 38.7 7.5 2.5 2 1 3 3 3
5133.1 -10261.8 -8.5 240 0 12.6 25.4 15.0 0.0 0 1 6 4 4
5351.9 -9657.8 -9.2 319 0 13.9 8.4 5.0 2.5 2 0 2 3 3
6740.8 -9381.5 -6.1 55 0 10.8 34.2 7.5 2.5 2 1 3 5 5
6790.6 -9252.8 -5.8 143 0 29.0 21.5 7.5 0.0 0 0 3 0 0
5319.8 -10039.1 -8.3 330 0 22.7 47.6 10.0 2.5 2 1 4 1 1
6728.7 -9127.6 -5.1 144 0 24.1 29.8 12.5 0.0 0 1 5 5 5
5085.3 -10222.0 -4.6 61 0 23.6 23.1 15.0 0.0 0 0 6 2 2
5265.6 -10236.3 -6.7 149 0 17.1 29.1 7.5 2.5 2 1 3 2 2
5443.1 -9743.8 -8.6 36 0 65.7 20.7 5.0 2.5 2 0 2 1 1
6723.7 -9391.6 -6.0 50 0 10.3 21.1 5.0 2.5 2 1 2 0 0
5342.8 -10073.0 -8.1 328 0 18.2 50.4 12.5 0.0 0 1 5 1 1
5326.4 -10187.7 -7.7 331 0 11.1 37.8 7.5 2.5 2 1 3 3 3
5231.8 -10196.6 -6.6 147 0 17.6 38.7 7.5 0.0 0 1 3 3 3
5242.5 -10219.6 -6.7 149 0 19.1 42.4 10.0 2.5 4 1 4 0 0
6917.4 -9207.1 -6.5 323 0 31.6 28.8 7.5 0.0 0 0 3 1 1
6775.2 -9433.5 -6.9 319 0 18.6 10.1 7.5 2.5 2 0 3 3 3
5064.7 -9246.6 -7.3 38 0 51.3 11.3 7.5 2.5 2 0 3 2 2
5363.1 -10104.1 -8.1 328 0 12.8 33.4 10.0 2.5 2 1 4 2 2
6823.2 -9058.7 -5.0 322 0 21.2 29.7 5.0 0.0 0 1 2 4 4
5372.9 -9681.5 -9.0 314 0 14.6 8.1 2.5 2.5 2 0 1 1 1
5371.0 -10255.6 -7.8 329 0 14.4 44.5 10.0 0.0 0 1 4 0 0
6495.0 -9664.5 -6.0 37 0 10.8 24.6 7.5 2.5 2 1 3 2 2
5304.6 -10333.7 -7.2 147 0 21.6 50.6 15.0 2.5 2 1 6 2 2
6854.5 -9412.3 -7.5 222 0 24.2 17.0 10.0 0.0 0 0 4 5 5
6694.3 -9152.8 -5.2 144 0 22.0 28.2 7.5 0.0 0 1 3 3 3
5225.9 -10288.2 -7.8 59 0 30.0 38.7 10.0 0.0 0 1 4 2 2
5337.0 -10210.0 -7.7 331 0 12.4 30.7 7.5 2.5 4 1 3 5 5
5116.2 -9180.3 -6.8 37 0 36.7 10.7 5.0 2.5 2 0 2 5 5
6198.1 -11728.5 -24.4 27 0 22.6 89.2 7.5 0.0 0 1 3 1 1
5441.4 -11997.0 -21.0 337 0 9.3 10.2 7.5 2.5 2 1 3 1 1
6410.8 -11600.9 -20.0 142 0 20.4 24.8 10.0 0.0 0 1 4 4 4
5278.6 -10414.0 -7.5 242 0 13.5 22.9 7.5 2.5 2 1 3 3 3
5940.7 -10942.0 -10.6 303 0 9.1 16.8 5.0 2.5 2 1 2 1 1
5737.2 -10969.9 -9.0 309 0 9.5 13.0 5.0 2.5 2 1 2 1 1
5656.1 -10896.2 -7.7 44 0 5.9 18.0 2.5 2.5 4 1 1 3 3
5742.1 -10902.8 -8.6 222 0 9.7 8.7 5.0 2.5 2 0 2 3 3
5812.9 -11006.4 -10.0 311 0 11.7 13.6 5.0 2.5 2 1 2 3 3
5962.5 -10903.7 -10.6 212 0 27.5 5.6 5.0 2.5 2 0 2 3 3
6217.7 -11823.7 -24.9 203 0 30.9 38.9 10.0 0.0 0 1 4 4 4
6005.7 -11772.8 -23.5 342 0 21.4 12.1 12.5 2.5 2 0 5 5 5
5236.5 -10502.7 -9.0 58 0 14.9 28.3 7.5 2.5 2 1 3 2 2
6907.1 -10635.4 -17.0 57 0 11.0 18.9 7.5 2.5 2 1 3 0 0
5634.1 -11180.2 -15.7 207 0 4.8 52.5 7.5 2.5 2 1 3 3 3
5984.8 -11928.6 -23.7 344 0 12.7 7.9 7.5 2.5 2 0 3 1 1
5833.9 -11084.8 -10.7 27 0 6.1 14.5 5.0 2.5 2 1 2 0 0
6273.8 -11917.3 -25.2 25 0 13.8 22.4 7.5 2.5 2 1 3 5 5
5860.3 -11080.5 -10.9 31 0 8.8 13.2 5.0 2.5 2 1 2 4 4
5739.9 -12149.9 -22.8 4 0 17.7 27.5 10.0 2.5 2 1 4 0 0
5209.6 -11326.7 -18.7 137 0 10.6 26.5 10.0 2.5 2 1 4 0 0
5967.9 -11728.9 -23.4 161 0 16.8 27.2 7.5 2.5 2 1 3 2 2
5980.1 -11900.7 -23.6 344 0 17.3 13.1 5.0 0.0 0 0 2 2 2
5213.2 -10505.5 -9.4 57 0 19.5 23.7 10.0 2.5 2 1 4 3 3
5766.7 -10967.6 -9.3 131 0 11.9 12.1 7.5 2.5 2 1 3 1 1
6046.7 -11803.6 -23.9 161 0 24.5 27.3 7.5 0.0 0 1 3 3 3
5333.5 -10585.6 -7.9 239 0 12.9 29.9 10.0 2.5 4 1 4 0 0
5473.0 -12132.7 -21.4 71 0 38.2 52.3 10.0 0.0 0 1 4 3 3
5142.4 -11657.3 -18.9 228 0 17.2 32.6 7.5 2.5 2 1 3 0 0
5721.4 -10805.7 -7.8 221 0 5.4 18.4 2.5 2.5 2 1 1 5 5
6879.2 -10606.8 -16.6 238 0 5.8 11.2 7.5 2.5 2 1 3 5 5
6472.3 -11955.3 -26.3 317 0 13.2 22.1 7.5 2.5 2 1 3 1 1
5310.1 -10494.0 -7.6 239 0 10.4 32.9 10.0 2.5 2 1 4 4 4
6264.2 -12000.7 -25.3 26 0 21.7 20.4 10.0 0.0 0 0 4 0 0
6502.3 -11986.8 -26.5 318 0 11.6 20.4 2.5 2.5 2 1 1 5 5
5591.0 -10701.6 -6.4 50 0 19.8 14.4 7.5 2.5 2 0 3 5 5
5952.6 -11708.2 -23.3 160 0 22.8 34.7 7.5 0.0 0 1 3 5 5
5645.7 -12160.1 -22.3 178 0 49.6 7.3 7.5 2.5 2 0 3 4 4
5308.2 -11361.3 -19.4 225 0 55.8 44.5 7.5 0.0 0 0 3 2 2
5747.1 -10957.4 -9.0 309 0 10.1 12.5 5.0 2.5 2 1 2 3 3
6387.4 -11998.9 -25.9 26 0 21.9 19.7 10.0 2.5 4 0 4 3 3
5490.9 -12186.1 -20.0 181 0 12.2 44.8 12.5 0.0 0 1 5 5 5
6470.5 -11647.5 -20.7 119 0 19.1 18.0 7.5 2.5 4 0 3 5 5
5343.8 -11821.0 -20.2 307 0 22.0 37.2 7.5 0.0 0 1 3 4 4
5884.7 -11075.8 -11.5 215 0 24.9 43.1 5.0 0.0 0 1 2 2 2
5834.9 -11136.2 -11.2 34 0 12.7 33.3 7.5 2.5 2 1 3 5 5
5677.7 -10808.0 -7.3 310 0 13.2 15.1 2.5 2.5 2 1 1 5 5
5149.0 -10807.0 -9.6 63 0 40.4 24.4 10.0 0.0 0 0 4 2 2
5903.1 -10960.2 -10.5 295 0 9.9 16.1 7.5 2.5 2 1 3 2 2
5774.2 -11762.1 -22.5 250 0 36.5 77.9 10.0 0.0 0 1 4 0 0
5964.8 -11843.9 -23.4 341 0 11.9 23.1 10.0 2.5 2 1 4 2 2
5165.1 -11586.6 -18.9 136 0 20.4 24.6 10.0 2.5 4 1 4 4 4
5871.7 -11027.9 -10.6 123 0 7.7 10.5 7.5 2.5 2 1 3 4 4
5783.0 -10814.2 -8.3 307 0 11.8 12.3 5.0 2.5 2 1 2 1 1
5810.9 -11002.6 -9.9 130 0 9.8 11.1 7.5 2.5 2 1 3 5 5
5975.0 -11871.2 -23.5 339 0 14.6 20.1 12.5 2.5 2 1 5 3 3
6473.7 -12062.2 -26.5 298 0 12.5 20.9 10.0 2.5 2 1 4 3 3
5471.1 -11958.1 -21.1 157 0 13.7 17.2 7.5 2.5 2 1 3 5 5
5262.4 -11300.5 -18.8 312 0 14.1 23.5 10.0 2.5 2 1 4 1 1
5665.5 -10880.6 -7.7 135 0 10.2 15.5 5.0 2.5 2 1 2 4 4
5607.1 -12138.7 -22.1 359 0 28.1 25.2 12.5 0.0 0 0 5 4 4
5702.0 -11044.9 -10.2 131 0 10.6 9.3 5.0 2.5 2 0 2 4 4
5970.3 -11856.9 -23.5 340 0 11.5 25.6 12.5 2.5 2 1 5 5 5
5992.0 -11860.4 -23.7 159 0 11.9 21.4 7.5 2.5 2 1 3 3 3
5249.5 -11290.7 -18.7 313 0 12.6 21.8 12.5 2.5 2 1 5 5 5
5458.8 -11992.4 -21.0 340 0 11.3 14.5 5.0 2.5 2 1 2 2 2
5470.0 -11980.9 -21.1 159 0 17.2 14.1 10.0 2.5 2 0 4 5 5
5745.7 -12187.9 -21.2 3 0 12.6 33.8 7.5 2.5 2 1 3 3 3
6050.3 -11825.8 -24.0 163 0 15.0 29.9 7.5 2.5 2 1 3 1 1
6533.9 -12019.7 -26.7 319 0 13.2 24.9 7.5 2.5 2 1 3 2 2
6322.1 -11974.9 -25.6 205 0 10.6 33.2 12.5 0.0 0 1 5 0 0
5296.4 -10498.6 -7.8 238 0 8.9 32.0 7.5 2.5 2 1 3 0 0
5735.9 -12170.2 -21.7 2 0 17.6 23.2 12.5 2.5 2 1 5 4 4
5782.4 -10948.6 -9.2 129 0 5.9 7.7 5.0 2.5 2 1 2 2 2
5952.5 -10656.5 -8.6 305 0 6.7 19.2 2.5 2.5 2 1 1 3 3
5353.1 -10610.3 -7.9 240 0 36.5 14.1 10.0 2.5 2 0 4 5 5
5706.3 -10923.4 -8.4 310 0 10.2 9.3 2.5 2.5 2 0 1 5 5
5776.4 -10905.7 -8.9 220 0 16.0 8.4 7.5 2.5 2 0 3 5 5
5433.8 -12044.2 -21.1 249 0 15.9 36.8 7.5 2.5 2 1 3 1 1
5809.5 -11758.9 -22.6 251 0 27.8 61.9 7.5 0.0 0 1 3 4 4
5919.6 -11722.5 -23.0 342 0 22.6 8.3 2.5 2.5 2 0 1 4 4
5505.2 -12102.6 -21.5 68 0 32.1 37.4 15.0 0.0 0 1 6 2 2
5304.2 -11924.1 -20.2 70 0 28.4 12.5 12.5 2.5 2 0 5 1 1
5771.1 -11014.7 -9.8 222 0 17.8 20.1 10.0 2.5 2 1 4 0 0
5924.9 -11006.3 -10.9 28 0 18.4 15.8 10.0 2.5 2 0 4 4 4
5837.7 -11023.3 -10.3 127 0 8.7 9.6 2.5 2.5 2 1 1 4 4
5489.7 -12023.3 -21.3 252 0 13.5 38.6 7.5 2.5 2 1 3 2 2
5073.4 -10718.0 -12.5 58 0 14.5 42.2 15.0 0.0 0 1 6 4 4
6364.2 -12028.0 -25.8 27 0 9.5 25.3 5.0 2.5 2 1 2 2 2
5682.8 -11909.6 -22.1 159 0 18.6 9.1 5.0 2.5 2 0 2 5 5
5410.1 -10763.2 -7.9 235 0 9.2 8.2 7.5 2.5 2 0 3 1 1
6191.8 -11658.4 -23.8 297 0 67.6 44.7 15.0 0.0 0 0 6 0 0
5328.6 -11482.1 -19.5 43 0 8.1 31.2 7.5 2.5 2 1 3 0 0
5839.6 -11739.2 -22.8 249 0 36.7 67.1 10.0 0.0 0 1 4 4 4
6105.0 -11613.5 -23.5 308 0 49.0 35.0 12.5 0.0 0 0 5 4 4
5312.7 -11971.1 -20.3 71 0 15.0 46.2 7.5 2.5 2 1 3 2 2
5574.7 -10742.1 -6.4 47 0 24.8 14.7 7.5 2.5 2 0 3 1 1
5573.3 -10832.6 -6.6 155 0 14.0 20.6 12.5 2.5 4 1 5 2 2
5309.3 -11503.2 -19.4 44 0 10.1 31.4 7.5 2.5 2 1 3 5 5
6035.9 -11784.5 -23.7 73 0 27.3 33.9 7.5 0.0 0 1 3 3 3
6289.5 -12095.2 -25.6 114 0 16.1 26.7 12.5 2.5 2 1 5 4 4
5292.4 -10585.4 -8.6 60 0 9.0 25.6 5.0 2.5 2 1 2 0 0
5718.9 -11749.5 -22.0 70 0 33.9 21.0 7.5 0.0 0 0 3 5 5
6174.5 -11932.3 -24.9 206 0 29.7 55.8 10.0 0.0 0 1 4 0 0
5890.4 -10900.5 -9.9 303 0 7.7 18.8 5.0 2.5 2 1 2 2 2
5186.9 -10536.8 -10.0 59 0 18.7 18.1 7.5 2.5 2 0 3 2 2
5834.3 -11726.7 -22.6 250 0 31.9 10.7 10.0 2.5 2 0 4 5 5
5853.4 -11113.1 -11.1 33 0 14.9 23.5 7.5 2.5 2 1 3 4 4
5468.0 -12024.7 -21.2 250 0 13.6 38.0 10.0 2.5 2 1 4 2 2
5735.7 -12203.7 -21.9 358 0 18.2 24.1 7.5 2.5 2 1 3 0 0
5789.8 -10797.9 -8.3 216 0 10.3 19.5 2.5 2.5 2 1 1 0 0
5133.0 -11552.6 -18.7 137 0 12.8 24.9 7.5 2.5 2 1 3 5 5
6060.4 -11839.8 -24.0 163 0 10.4 23.9 10.0 2.5 2 1 4 0 0
5759.5 -10950.5 -9.1 138 0 11.4 14.1 5.0 2.5 2 1 2 3 3
5865.0 -11037.3 -10.7 123 0 7.5 9.6 5.0 2.5 2 1 2 2 2
5838.4 -10825.6 -8.8 305 0 10.2 12.1 2.5 2.5 2 1 1 4 4
5253.1 -10605.2 -9.4 57 0 8.5 30.1 7.5 2.5 2 1 3 5 5
5980.3 -11829.5 -23.5 166 0 26.1 13.1 7.5 2.5 2 0 3 0 0
6071.6 -11856.8 -24.1 167 0 27.0 14.9 10.0 2.5 2 0 4 3 3
5750.2 -11245.3 -16.0 40 0 11.2 35.4 10.0 2.5 2 1 4 2 2
5995.3 -11878.0 -23.7 165 0 14.1 22.3 7.5 0.0 0 1 3 1 1
5851.3 -11002.4 -10.3 130 0 8.6 13.4 7.5 2.5 2 1 3 5 5
5433.7 -10795.0 -7.8 61 0 11.7 17.7 7.5 2.5 2 1 3 4 4
5413.1 -12054.5 -21.0 249 0 17.8 40.7 5.0 2.5 4 1 2 4 4
5392.3 -11796.6 -20.4 127 0 17.3 26.9 10.0 2.5 2 1 4 5 5
5161.3 -10539.7 -10.5 60 0 17.4 25.0 10.0 2.5 4 1 4 5 5
5062.8 -10750.3 -10.8 242 0 12.6 17.8 5.0 2.5 2 1 2 5 5
5852.6 -11031.8 -10.5 127 0 15.4 19.3 12.5 2.5 2 1 5 4 4
6371.2 -12125.0 -26.2 204 0 25.9 50.9 10.0 0.0 0 1 4 4 4
6290.2 -12048.8 -25.6 205 0 14.4 30.4 10.0 0.0 0 1 4 1 1
5521.8 -12152.4 -20.3 271 0 22.9 25.0 7.5 2.5 2 1 3 2 2
5339.5 -11947.8 -20.5 159 0 33.4 30.4 10.0 0.0 0 0 4 2 2
6023.4 -11838.4 -23.7 345 0 11.1 8.6 5.0 2.5 2 0 2 2 2
5177.0 -11323.9 -18.9 305 0 13.1 22.4 10.0 2.5 2 1 4 5 5
5748.5 -11030.5 -9.8 220 0 10.5 27.2 15.0 0.0 0 1 6 5 5
6054.0 -11653.8 -23.7 220 0 24.9 43.2 10.0 0.0 0 1 4 4 4
5388.7 -10637.7 -7.4 57 0 8.3 15.9 5.0 2.5 2 1 2 5 5
6463.1 -11944.6 -26.2 320 0 11.8 22.3 5.0 2.5 2 1 2 1 1
5416.2 -11974.1 -20.8 252 0 15.7 18.9 10.0 2.5 2 1 4 5 5
5883.4 -11724.1 -23.0 250 0 36.2 75.6 10.0 0.0 0 1 4 3 3
5271.2 -11324.8 -18.9 44 0 21.0 14.3 7.5 2.5 2 0 3 4 4
6184.6 -11531.4 -18.9 297 0 28.5 17.7 10.0 2.5 2 0 4 5 5
5100.3 -10504.1 -11.0 241 0 15.4 35.4 7.5 2.5 4 1 3 1 1
5136.4 -10424.5 -10.0 61 0 27.6 17.4 7.5 2.5 2 0 3 0 0
5714.1 -10816.6 -7.8 217 0 11.5 23.9 7.5 2.5 2 1 3 2 2
5553.4 -11839.0 -21.3 338 0 10.6 17.6 5.0 2.5 2 1 2 4 4
5350.5 -10672.5 -8.2 66 0 6.9 6.8 7.5 2.5 4 0 3 4 4
6519.8 -11999.3 -26.6 319 0 7.7 31.5 7.5 2.5 2 1 3 1 1
5615.8 -10766.5 -6.4 135 0 5.0 8.5 2.5 0.0 0 1 1 2 2
5502.7 -12201.0 -20.6 181 0 14.4 32.4 7.5 2.5 4 1 3 3 3
5778.2 -10876.6 -8.8 224 0 9.4 12.4 7.5 2.5 2 1 3 0 0
5827.2 -10984.7 -9.9 131 0 6.7 14.2 5.0 2.5 2 1 2 1 1
5833.0 -11099.6 -10.8 30 0 14.5 18.9 7.5 2.5 2 1 3 5 5
5449.6 -11415.1 -20.0 313 0 16.4 30.9 10.0 2.5 4 1 4 3 3
5786.0 -10983.7 -9.5 130 0 7.1 13.0 5.0 2.5 2 1 2 3 3
5321.5 -10483.9 -7.3 238 0 13.9 38.4 7.5 2.5 4 1 3 0 0
6899.8 -10709.9 -17.5 58 0 9.5 10.3 5.0 2.5 4 1 2 0 0
5725.6 -11020.0 -9.2 42 0 8.5 7.6 7.5 0.0 0 0 3 0 0
5389.2 -11493.0 -19.8 130 0 12.6 8.4 2.5 0.0 0 0 1 3 3
5278.1 -10591.7 -8.9 62 0 8.8 30.5 7.5 2.5 2 1 3 1 1
6296.9 -12027.7 -25.6 208 0 14.0 29.3 10.0 2.5 2 1 4 3 3
5432.5 -10746.6 -7.6 237 0 31.0 9.5 7.5 2.5 2 0 3 1 1
5159.8 -11817.5 -19.4 233 0 29.6 92.5 10.0 0.0 0 1 4 3 3
5363.1 -10706.0 -8.4 62 0 22.5 20.0 10.0 2.5 2 0 4 0 0
5314.6 -10600.7 -8.3 239 0 6.6 25.3 5.0 2.5 2 1 2 2 2
6504.7 -12106.0 -26.7 25 0 25.5 57.0 7.5 2.5 2 1 3 5 5
5790.3 -10687.8 -7.4 126 0 19.6 10.3 5.0 2.5 2 0 2 4 4
5809.8 -10459.5 -6.0 223 0 16.6 6.6 5.0 2.5 2 0 2 3 3
5664.4 -10571.7 -6.3 217 0 6.8 9.3 5.0 2.5 2 1 2 4 4
5989.6 -10674.3 -9.0 312 0 4.6 8.2 5.0 2.5 2 1 2 4 4
5541.2 -10537.1 -6.8 331 0 42.4 11.0 10.0 2.5 2 0 4 4 4
5835.9 -10641.0 -7.4 35 0 8.7 20.1 7.5 0.0 0 1 3 3 3
5702.6 -10353.0 -6.5 327 0 12.5 8.7 5.0 2.5 2 0 2 2 2
5446.8 -10540.6 -7.1 149 0 22.4 7.7 2.5 2.5 2 0 1 4 4
5745.2 -11005.9 -9.3 39 0 3.8 11.6 5.0 2.5 2 1 2 3 3
5236.1 -10420.1 -8.3 240 0 19.6 38.4 10.0 0.0 0 1 4 5 5
5179.1 -10351.2 -8.7 240 0 18.2 12.9 7.5 2.5 2 0 3 3 3
5820.6 -10968.5 -9.8 129 0 21.6 7.5 5.0 2.5 2 0 2 3 3
5710.5 -10532.8 -6.2 219 0 5.9 16.1 5.0 2.5 4 1 2 5 5
5664.0 -10598.7 -6.2 216 0 6.0 14.6 5.0 0.0 0 1 2 3 3
5124.1 -10450.6 -10.3 61 0 16.6 35.9 10.0 2.5 2 1 4 5 5
6000.7 -10689.0 -9.2 34 0 3.7 8.6 7.5 2.5 2 1 3 3 3
5657.9 -10581.0 -6.3 220 0 13.0 10.1 2.5 2.5 4 0 1 1 1
5561.7 -10455.3 -7.0 329 0 11.9 21.1 7.5 2.5 2 1 3 1 1
5473.1 -10427.0 -7.1 328 0 13.7 26.6 7.5 2.5 2 1 3 4 4
5689.9 -10545.3 -6.2 216 0 9.6 11.9 7.5 2.5 2 1 3 1 1
5764.8 -10581.7 -6.3 307 0 5.2 8.5 2.5 2.5 2 1 1 3 3
5212.3 -10402.2 -8.6 56 0 15.9 14.3 5.0 2.5 2 0 2 5 5
5790.0 -10805.2 -8.3 307 0 10.5 10.3 7.5 2.5 2 0 3 3 3
5132.8 -10359.5 -9.5 242 0 14.1 22.0 7.5 2.5 2 1 3 1 1
5613.6 -10951.7 -9.2 326 0 4.4 17.9 5.0 2.5 2 1 2 5 5
5359.0 -10546.6 -7.3 61 0 9.2 29.1 5.0 2.5 2 1 2 4 4
5067.0 -6314.2 -1.5 308 0 9.1 20.9 7.5 2.5 2 1 3 4 4
5429.2 -6396.7 -4.7 306 0 13.0 4.2 5.0 2.5 2 0 2 0 0
6405.0 -6970.2 -7.8 29 0 9.1 10.1 7.5 2.5 2 1 3 5 5
5053.2 -6230.4 0.3 293 0 11.4 18.2 5.0 2.5 2 1 2 1 1
5968.3 -6903.2 -8.6 120 0 8.2 8.1 7.5 2.5 2 0 3 3 3
6296.0 -7036.3 -7.7 106 0 19.9 9.0 5.0 2.5 2 0 2 3 3
5163.1 -7242.0 -7.3 293 0 7.0 32.8 5.0 0.0 0 1 2 0 0
6025.1 -7011.0 -8.2 29 0 9.4 13.3 5.0 2.5 2 1 2 5 5
5122.2 -6098.4 -3.4 134 0 8.1 14.6 7.5 2.5 2 1 3 1 1
5979.0 -7035.6 -8.1 119 0 20.1 5.9 7.5 2.5 4 0 3 4 4
6277.6 -7065.5 -7.7 110 0 18.7 15.1 7.5 2.5 2 0 3 2 2
6060.0 -6978.9 -8.2 30 0 12.3 8.5 7.5 0.0 0 0 3 0 0
5339.8 -6398.9 -4.0 305 0 7.4 10.1 7.5 2.5 2 1 3 4 4
5094.6 -7392.2 -8.1 112 0 9.5 15.8 2.5 2.5 2 1 1 3 3
5103.7 -7309.6 -7.8 112 0 13.5 7.9 7.5 2.5 4 0 3 0 0
6306.3 -6984.3 -7.9 297 0 7.6 15.0 5.0 2.5 2 1 2 0 0
5176.4 -7209.6 -7.1 292 0 9.2 31.8 7.5 2.5 2 1 3 2 2
5183.8 -7149.7 -6.8 303 0 9.3 34.9 7.5 2.5 2 1 3 4 4
6273.3 -7045.6 -7.7 110 0 6.0 15.4 2.5 2.5 2 1 1 2 2
6482.5 -6870.5 -7.8 29 0 10.0 23.9 5.0 2.5 4 1 2 0 0
6082.9 -6804.3 -8.6 211 0 9.5 9.7 5.0 2.5 2 1 2 4 4
6395.5 -6983.7 -7.8 29 0 9.8 8.6 5.0 2.5 2 0 2 1 1
5915.0 -6978.3 -8.4 209 0 8.0 24.9 2.5 2.5 2 1 1 0 0
5077.8 -7355.1 -8.1 112 0 26.5 13.6 10.0 2.5 2 0 4 2 2
5085.0 -6413.6 -3.0 218 0 7.0 10.6 2.5 2.5 4 1 1 2 2
5994.6 -7116.5 -7.8 205 0 10.6 12.4 5.0 2.5 2 1 2 2 2
5209.1 -7153.9 -4.8 33 0 16.8 13.2 5.0 2.5 2 0 2 2 2
5136.8 -6361.9 -0.8 218 0 21.4 14.8 7.5 2.5 2 0 3 2 2
5270.2 -6504.1 -5.6 309 0 12.7 8.2 2.5 2.5 2 0 1 3 3
6179.6 -6916.8 -8.3 25 0 10.5 8.6 7.5 2.5 2 0 3 0 0
5952.8 -6971.6 -8.4 209 0 11.6 5.9 5.0 2.5 2 0 2 1 1
6311.3 -6059.6 -7.2 31 0 13.6 9.2 7.5 0.0 0 0 3 1 1
5280.1 -6467.5 -4.5 129 0 8.2 11.6 5.0 2.5 2 1 2 4 4
6196.1 -6840.3 -8.4 295 0 12.2 4.8 7.5 2.5 2 0 3 3 3
5145.3 -7508.8 -8.5 35 0 12.5 24.1 12.5 2.5 4 1 5 0 0
5093.0 -6356.7 -1.4 308 0 7.5 4.4 7.5 2.5 2 0 3 2 2
5273.1 -8126.9 -6.6 214 0 12.9 50.6 10.0 2.5 2 1 4 2 2
6291.4 -6866.6 -8.3 298 0 9.1 10.2 5.0 2.5 2 1 2 1 1
5098.3 -7089.9 -5.7 213 0 22.0 23.2 10.0 2.5 2 1 4 1 1
6043.5 -7045.3 -8.0 302 0 7.9 10.0 2.5 2.5 4 1 1 5 5
6083.1 -7199.8 -7.3 299 0 12.7 7.5 5.0 2.5 2 0 2 3 3
5112.2 -6403.6 -2.3 308 0 10.4 7.9 5.0 2.5 2 0 2 0 0
5360.1 -6515.4 -6.4 56 0 13.8 5.9 2.5 2.5 2 0 1 0 0
5332.2 -6329.8 -1.6 126 0 8.1 6.9 2.5 2.5 2 0 1 4 4
6108.0 -7087.4 -7.7 209 0 6.9 12.6 7.5 2.5 2 1 3 2 2
5151.1 -6402.8 -1.4 38 0 9.4 11.0 2.5 2.5 2 1 1 0 0
5060.9 -7512.8 -7.5 35 0 12.6 17.8 5.0 0.0 0 1 2 0 0
5226.6 -6471.5 -3.9 311 0 12.1 7.4 7.5 2.5 4 0 3 3 3
6002.1 -7079.7 -7.9 29 0 5.8 12.3 5.0 2.5 2 1 2 3 3
5156.2 -6460.7 -2.8 308 0 11.3 8.8 5.0 0.0 0 0 2 4 4
5174.1 -7455.5 -8.1 302 0 13.3 11.7 7.5 2.5 2 0 3 2 2
6228.8 -7080.9 -7.6 299 0 7.5 10.9 7.5 2.5 2 1 3 4 4
5179.7 -7405.2 -7.7 130 0 10.6 23.9 12.5 2.5 2 1 5 3 3
6060.0 -7054.1 -7.9 302 0 8.9 12.2 7.5 2.5 2 1 3 2 2
5245.1 -6484.6 -4.8 314 0 20.7 10.1 5.0 2.5 2 0 2 3 3
5461.3 -6311.5 -5.3 126 0 13.1 10.8 5.0 2.5 2 0 2 3 3
6148.1 -7125.9 -7.6 119 0 8.8 11.2 5.0 2.5 2 1 2 5 5
5399.8 -6378.1 -4.1 216 0 7.4 12.8 2.5 2.5 2 1 1 4 4
6225.1 -6940.2 -8.1 216 0 11.7 8.1 7.5 2.5 2 0 3 1 1
5263.0 -8156.3 -6.6 126 0 18.6 11.3 5.0 2.5 2 0 2 1 1
6314.5 -7072.3 -7.5 124 0 7.3 11.7 2.5 2.5 2 1 1 4 4
6051.9 -6992.0 -8.2 29 0 17.7 17.3 10.0 2.5 2 0 4 5 5
6225.5 -7134.0 -7.4 29 0 12.0 8.8 5.0 0.0 0 0 2 3 3
5069.3 -7197.5 -7.6 295 0 10.4 31.2 10.0 2.5 4 1 4 3 3
5914.0 -6844.1 -9.0 33 0 8.5 33.6 7.5 2.5 2 1 3 5 5
5069.8 -6451.9 -4.3 221 0 12.5 17.5 7.5 2.5 2 1 3 3 3
5123.7 -7150.5 -7.3 212 0 12.0 10.8 2.5 2.5 4 0 1 1 1
5066.1 -6509.3 -5.8 215 0 11.2 20.5 5.0 0.0 0 1 2 5 5
5186.8 -6527.2 -3.9 36 0 23.4 17.3 10.0 2.5 2 0 4 2 2
6353.0 -7059.4 -7.5 34 0 13.4 5.7 7.5 2.5 2 0 3 0 0
5090.9 -7144.7 -7.5 303 0 20.4 18.3 10.0 2.5 2 0 4 4 4
5191.2 -6479.5 -2.7 305 0 9.6 7.6 2.5 2.5 2 0 1 5 5
5084.6 -6284.2 0.3 128 0 12.5 20.7 10.0 2.5 2 1 4 4 4
5068.5 -6270.3 0.3 128 0 12.5 20.7 12.5 2.5 2 1 5 3 3
5633.0 -10822.8 -7.2 226 0 9.4 23.4 7.5 0.0 0 1 3 3 3
5826.1 -11190.0 -13.0 209 0 3.5 10.5 7.5 2.5 2 1 3 1 1
5712.3 -11054.7 -10.4 130 0 10.7 9.2 7.5 2.5 2 0 3 3 3
5745.3 -11267.3 -16.8 43 0 9.1 45.2 7.5 2.5 2 1 3 2 2
5290.9 -10818.3 -8.1 241 0 32.8 18.8 10.0 0.0 0 0 4 4 4
5293.8 -11633.4 -19.6 47 0 49.1 30.8 12.5 0.0 0 0 5 0 0
5668.2 -10825.5 -7.3 314 0 11.1 9.4 7.5 2.5 2 0 3 5 5
6875.1 -10674.2 -17.2 236 0 19.7 20.9 10.0 2.5 2 1 4 3 3
5971.6 -12003.0 -23.9 207 0 10.0 30.0 7.5 2.5 2 1 3 5 5
5429.3 -12025.6 -21.0 69 0 11.8 30.1 7.5 2.5 2 1 3 2 2
5230.0 -10536.7 -9.2 238 0 9.3 38.1 7.5 2.5 2 1 3 5 5
5739.2 -11039.5 -9.7 224 0 10.3 12.6 5.0 0.0 0 1 2 0 0
5689.0 -10818.4 -7.4 309 0 6.5 17.0 7.5 2.5 2 1 3 1 1
5192.3 -10423.7 -9.2 58 0 21.8 38.7 7.5 0.0 0 1 3 5 5
5229.7 -10885.9 -6.3 224 0 14.5 32.5 12.5 2.5 2 1 5 0 0
5442.9 -12012.3 -21.0 66 0 9.8 7.1 7.5 0.0 0 0 3 4 4
5753.3 -11018.4 -9.5 38 0 9.7 13.0 7.5 2.5 4 1 3 5 5
5271.2 -11581.1 -19.4 318 0 41.8 44.9 10.0 0.0 0 1 4 5 5
6046.5 -11861.3 -23.9 343 0 13.6 21.5 7.5 2.5 2 1 3 2 2
6013.8 -12140.3 -24.2 23 0 18.7 13.1 7.5 2.5 2 0 3 4 4
5603.0 -12234.0 -22.1 360 0 16.9 38.2 7.5 2.5 2 1 3 5 5
5236.2 -10622.7 -10.1 60 0 31.6 41.0 5.0 0.0 0 1 2 0 0
5753.3 -11228.2 -15.4 42 0 10.3 26.9 7.5 0.0 0 1 3 5 5
5093.0 -11244.9 -18.2 70 0 13.4 29.7 7.5 2.5 2 1 3 4 4
5168.9 -10662.7 -11.4 60 0 26.8 40.9 10.0 0.0 0 1 4 0 0
6040.1 -11847.4 -23.8 342 0 14.7 26.0 5.0 2.5 2 1 2 1 1
5355.6 -10797.1 -8.3 214 0 3.5 11.8 7.5 2.5 2 1 3 4 4
5245.8 -10535.5 -8.9 239 0 11.9 31.7 7.5 2.5 2 1 3 4 4
5195.6 -10553.3 -10.0 242 0 28.7 38.3 12.5 0.0 0 1 5 4 4
5441.3 -12138.6 -21.2 69 0 36.2 38.1 12.5 0.0 0 1 5 0 0
6052.6 -11888.4 -24.0 346 0 36.3 12.4 10.0 2.5 4 0 4 4 4
6743.8 -8046.0 -3.3 327 0 26.0 17.0 7.5 2.5 4 0 3 4 4
6730.8 -8093.5 -3.2 147 0 24.0 17.0 7.5 2.5 2 0 3 1 1
6796.0 -8158.9 -2.9 149 0 26.0 17.0 7.5 2.5 4 0 3 3 3
6746.4 -8116.2 -3.1 149 0 25.2 17.0 7.5 2.5 2 0 3 4 4
6778.2 -8095.3 -3.1 329 0 26.2 17.0 7.5 2.5 2 0 3 0 0
6765.8 -8143.5 -3.0 149 0 26.1 17.0 7.5 2.5 2 0 3 0 0
6781.0 -8131.9 -3.0 149 0 26.0 17.1 10.0 2.5 2 0 4 5 5
6688.8 -8141.0 -3.0 239 0 23.9 17.1 7.5 0.0 0 0 3 4 4
6717.6 -8156.5 -2.9 329 0 17.1 23.9 7.5 0.0 0 1 3 1 1
5976.8 -7996.7 -5.5 51 0 11.1 17.6 5.0 2.5 2 1 2 0 0
6217.7 -6925.4 -8.2 212 0 8.9 8.7 5.0 2.5 2 0 2 2 2
6259.0 -7901.7 -3.2 291 0 5.9 13.0 5.0 2.5 2 1 2 1 1
5229.9 -6401.2 -2.4 217 0 7.1 12.4 7.5 2.5 2 1 3 1 1
6001.3 -8028.0 -5.4 227 0 10.5 10.2 7.5 2.5 2 0 3 5 5
6125.4 -8026.7 -4.6 126 0 13.5 21.7 10.0 2.5 2 1 4 4 4
6268.7 -8088.1 -4.0 101 0 27.5 11.1 12.5 2.5 2 0 5 3 3
5076.1 -7277.4 -7.8 111 0 16.2 16.1 10.0 0.0 0 0 4 0 0
5179.3 -6365.9 -0.8 307 0 9.6 32.7 7.5 2.5 2 1 3 4 4
6309.6 -7938.3 -3.4 122 0 18.9 14.6 7.5 0.0 0 0 3 4 4
6270.6 -8039.9 -3.8 304 0 11.4 14.2 7.5 2.5 2 1 3 2 2
6214.4 -8136.7 -4.6 106 0 13.5 15.2 5.0 0.0 0 1 2 3 3
6055.3 -6832.0 -8.7 212 0 8.0 11.9 7.5 2.5 2 1 3 4 4
6064.6 -7900.6 -4.5 317 0 16.7 14.4 7.5 2.5 2 0 3 0 0
6325.5 -7895.3 -3.9 299 0 16.1 11.9 2.5 0.0 0 0 1 3 3
6927.6 -8160.2 -7.3 38 0 9.0 29.1 7.5 2.5 2 1 3 0 0
6032.1 -8010.9 -5.1 234 0 14.7 8.4 7.5 2.5 4 0 3 2 2
5191.2 -6390.0 -0.7 38 0 32.1 7.3 7.5 2.5 4 0 3 3 3
6214.4 -6876.5 -8.4 26 0 6.7 14.3 5.0 2.5 2 1 2 1 1
6110.9 -7953.2 -4.4 214 0 8.6 31.4 7.5 0.0 0 1 3 3 3
6110.6 -7973.4 -4.5 216 0 16.0 13.3 7.5 2.5 2 0 3 0 0
5993.6 -8055.0 -5.6 227 0 9.1 10.2 2.5 2.5 2 1 1 4 4
5987.2 -8080.9 -5.7 132 0 12.1 10.7 7.5 2.5 2 0 3 2 2
6294.3 -8101.8 -3.9 200 0 10.7 7.6 7.5 2.5 2 0 3 3 3
6045.8 -8077.9 -5.3 132 0 8.5 16.6 5.0 2.5 2 1 2 2 2
6285.2 -8059.5 -3.8 36 0 15.8 12.9 5.0 2.5 2 0 2 0 0
6273.2 -8012.8 -3.8 307 0 16.5 19.0 10.0 2.5 2 1 4 0 0
5306.5 -6534.6 -6.9 326 0 14.4 8.6 7.5 2.5 2 0 3 0 0
6058.9 -6849.5 -8.7 212 0 7.0 7.8 2.5 2.5 2 1 1 4 4
5064.1 -7280.0 -7.9 111 0 7.9 4.8 5.0 2.5 2 0 2 1 1
6148.6 -7926.1 -4.0 214 0 12.4 16.9 10.0 2.5 2 1 4 2 2
5296.6 -6515.2 -6.4 327 0 24.5 6.3 5.0 2.5 2 0 2 1 1
5060.3 -6339.9 -1.8 309 0 9.0 8.1 7.5 0.0 0 0 3 1 1
6096.0 -6827.3 -8.7 302 0 8.0 9.6 2.5 2.5 2 1 1 2 2
5060.4 -7263.7 -7.8 111 0 8.6 10.7 7.5 2.5 4 1 3 0 0
6925.3 -8139.1 -7.3 308 0 27.8 9.1 7.5 0.0 0 0 3 1 1
6383.5 -7829.3 -4.7 38 0 8.7 22.5 5.0 0.0 0 1 2 2 2
6397.3 -8158.7 -3.6 38 0 27.3 16.9 7.5 2.5 2 0 3 3 3
5990.2 -6922.2 -8.5 302 0 21.0 14.1 7.5 2.5 4 0 3 5 5
6138.0 -7902.0 -4.1 52 0 40.1 15.1 12.5 2.5 4 0 5 1 1
5976.6 -6915.8 -8.6 339 0 11.0 20.9 7.5 2.5 4 1 3 0 0
5060.9 -11382.4 -19.2 69 0 19.5 36.5 10.0 0.0 0 1 4 4 4
5602.5 -10884.5 -7.2 143 0 7.4 11.4 2.5 2.5 2 1 1 2 2
5207.3 -10667.7 -10.5 240 0 13.8 23.7 7.5 2.5 2 1 3 1 1
5870.9 -11134.0 -11.5 212 0 12.9 15.5 5.0 2.5 2 1 2 0 0
5197.2 -11670.2 -19.1 316 0 24.5 70.5 7.5 0.0 0 1 3 5 5
5041.6 -11444.0 -18.7 228 0 26.5 24.6 5.0 0.0 0 0 2 0 0
5265.4 -11992.8 -20.1 71 0 20.5 33.3 10.0 0.0 0 1 4 2 2
5194.5 -10675.5 -10.7 241 0 11.1 18.9 2.5 2.5 2 1 1 3 3
5217.6 -11692.6 -19.3 317 0 29.6 62.9 15.0 0.0 0 1 6 0 0
6112.1 -6940.9 -8.3 217 0 9.6 14.2 5.0 2.5 2 1 2 2 2
6397.4 -7996.2 -3.2 287 0 16.1 19.6 7.5 2.5 2 1 3 1 1
6119.0 -6997.7 -8.1 29 0 11.1 9.0 5.0 2.5 2 0 2 3 3
6119.8 -6886.2 -8.5 27 0 8.8 13.0 5.0 2.5 2 1 2 2 2
6273.5 -8137.3 -4.2 194 0 7.1 13.7 7.5 2.5 2 1 3 2 2
6109.5 -7015.6 -8.0 119 0 6.7 13.3 5.0 2.5 2 1 2 3 3
6232.4 -6896.0 -8.3 211 0 20.5 6.8 7.5 0.0 0 0 3 0 0
6019.9 -7059.2 -7.9 208 0 10.3 28.0 7.5 2.5 4 1 3 0 0
6196.9 -6978.8 -8.0 218 0 6.4 10.6 7.5 2.5 2 1 3 1 1
6076.8 -6932.1 -8.4 32 0 9.3 6.6 5.0 2.5 2 0 2 1 1
6158.5 -7046.3 -7.8 199 0 18.9 13.6 10.0 2.5 2 0 4 4 4
6189.8 -8097.1 -4.6 292 0 7.5 14.0 7.5 0.0 0 1 3 4 4
6265.9 -6917.9 -8.2 299 0 10.8 7.1 5.0 2.5 2 0 2 1 1
6150.4 -8114.9 -5.0 304 0 15.1 27.8 7.5 2.5 2 1 3 3 3
5575.2 -8094.7 -8.2 128 0 14.7 16.4 2.5 2.5 2 1 1 4 4
6315.4 -7817.7 -4.7 225 0 6.3 12.3 5.0 0.0 0 1 2 4 4
6184.2 -7054.1 -7.8 196 0 19.1 8.1 7.5 2.5 4 0 3 3 3
6029.6 -6877.8 -8.6 211 0 4.5 13.0 7.5 2.5 2 1 3 0 0
6007.1 -6926.3 -8.5 121 0 14.1 16.3 5.0 2.5 2 1 2 2 2
6333.0 -7880.6 -4.2 294 0 13.4 13.5 7.5 2.5 2 1 3 0 0
6354.6 -8064.9 -3.4 198 0 11.7 6.4 5.0 2.5 2 0 2 2 2
6231.4 -7973.3 -3.9 37 0 8.9 25.6 5.0 2.5 2 1 2 3 3
6083.8 -6975.8 -8.2 209 0 10.5 5.4 5.0 2.5 2 0 2 4 4
6227.1 -6892.3 -8.3 29 0 7.8 6.7 7.5 2.5 2 0 3 3 3
5535.6 -8144.7 -7.5 218 0 17.2 12.5 7.5 2.5 2 0 3 0 0
5498.2 -8115.5 -7.1 38 0 18.8 18.5 7.5 2.5 2 0 3 3 3
6278.3 -6928.9 -8.1 29 0 9.1 10.3 2.5 2.5 2 1 1 0 0
6008.2 -6933.8 -8.5 302 0 18.2 13.3 5.0 2.5 2 0 2 3 3
5556.0 -8117.7 -7.7 218 0 17.0 13.3 7.5 2.5 2 0 3 5 5
6217.7 -6912.5 -8.3 29 0 7.7 8.6 7.5 2.5 2 1 3 1 1
5517.7 -8088.4 -7.7 38 0 17.4 17.3 10.0 2.5 2 0 4 0 0
6257.4 -7042.1 -7.7 110 0 7.9 13.3 5.0 2.5 2 1 2 2 2
6425.7 -7805.1 -4.6 225 0 11.2 18.1 7.5 2.5 2 1 3 4 4
6164.2 -8125.0 -5.0 304 0 13.9 29.1 7.5 2.5 2 1 3 4 4
5553.2 -8079.0 -8.4 128 0 13.8 17.6 5.0 0.0 0 1 2 5 5
6111.5 -7998.4 -4.6 218 0 15.0 18.3 7.5 2.5 2 1 3 0 0
6462.9 -7761.7 -4.7 304 0 7.9 18.4 5.0 2.5 2 1 2 1 1
6322.1 -7765.4 -4.9 37 0 8.0 5.9 7.5 2.5 2 0 3 4 4
6422.4 -7758.6 -4.9 45 0 5.9 25.6 7.5 2.5 2 1 3 5 5
6439.6 -8013.8 -3.5 30 0 13.3 6.7 7.5 2.5 2 0 3 1 1
6348.6 -8105.4 -3.6 110 0 13.6 17.0 7.5 2.5 2 1 3 2 2
6087.5 -6950.6 -8.3 32 0 12.3 18.0 2.5 2.5 2 1 1 4 4
6192.2 -6937.2 -8.3 29 0 8.7 18.5 5.0 2.5 2 1 2 3 3
6315.3 -8049.0 -3.5 207 0 16.3 18.6 7.5 2.5 2 1 3 3 3
6170.7 -6952.3 -8.2 19 0 17.1 8.4 5.0 2.5 2 0 2 0 0
6420.3 -7903.0 -4.3 176 0 14.9 23.9 12.5 2.5 4 1 5 5 5
6314.4 -8101.1 -3.8 202 0 9.7 10.6 5.0 2.5 2 1 2 4 4
6048.7 -6952.5 -8.4 122 0 22.3 14.6 10.0 2.5 2 0 4 1 1
6408.0 -7919.6 -4.2 215 0 14.2 18.3 5.0 2.5 2 1 2 1 1
6492.3 -7771.5 -4.7 139 0 12.4 9.8 2.5 2.5 2 0 1 2 2
6508.3 -7875.2 -4.2 228 0 7.1 12.8 7.5 0.0 0 1 3 4 4
5078.1 -7914.9 -6.4 42 0 5.8 13.0 5.0 2.5 2 1 2 1 1
6290.9 -8023.4 -3.7 306 0 22.3 23.8 10.0 2.5 2 1 4 1 1
6739.4 -10120.8 -11.7 312 0 10.3 28.8 10.0 0.0 0 1 4 4 4
6717.4 -10106.8 -11.5 221 0 24.0 12.4 10.0 0.0 0 0 4 3 3
6827.1 -8200.5 -2.9 54 0 10.1 26.1 7.5 0.0 0 1 3 4 4
6801.1 -8281.1 -2.3 239 0 19.4 18.6 5.0 0.0 0 0 2 3 3
6671.6 -8181.3 -2.9 149 0 13.1 27.6 5.0 0.0 0 1 2 0 0
6780.2 -8344.3 -2.2 59 0 20.3 18.6 10.0 0.0 0 0 4 0 0
6761.0 -8315.7 -2.3 149 0 13.1 27.6 7.5 0.0 0 1 3 3 3
5833.2 -10227.5 -6.4 330 0 35.0 21.6 12.5 0.0 0 0 5 4 4
6903.1 -8346.0 -6.0 56 0 16.0 24.5 12.5 2.5 2 1 5 2 2
5810.1 -10250.6 -6.4 64 0 13.7 25.0 10.0 2.5 2 1 4 5 5
6026.3 -10251.4 -6.7 242 0 22.7 56.3 7.5 2.5 2 1 3 1 1
5668.1 -10133.2 -6.9 154 0 14.4 21.6 7.5 2.5 2 1 3 0 0
6532.3 -8404.7 -3.9 240 0 21.8 18.3 7.5 0.0 0 0 3 0 0
6655.8 -8500.2 -3.5 57 0 11.8 27.6 10.0 0.0 0 1 4 3 3
6543.7 -8451.1 -3.9 149 0 11.6 27.4 10.0 0.0 0 1 4 2 2
6566.6 -8403.0 -3.7 240 0 21.8 18.3 7.5 0.0 0 0 3 4 4
5310.8 -9309.8 -7.4 41 0 9.6 14.2 2.5 2.5 2 1 1 2 2
5343.8 -9273.4 -7.1 46 0 14.6 9.3 5.0 2.5 4 0 2 5 5
5201.6 -9309.9 -7.5 218 0 8.6 13.5 7.5 2.5 2 1 3 3 3
5193.1 -9384.4 -7.9 314 0 15.4 8.7 5.0 2.5 2 0 2 2 2
6160.4 -9499.7 -6.3 122 0 18.4 13.9 10.0 2.5 2 0 4 5 5
5411.4 -9247.0 -7.5 231 0 14.7 9.0 2.5 2.5 2 0 1 1 1
5169.3 -9325.5 -7.6 222 0 10.0 13.0 7.5 2.5 2 1 3 4 4
6084.9 -9446.3 -6.7 297 0 18.3 18.5 10.0 2.5 2 1 4 4 4
5350.8 -9304.4 -7.3 227 0 14.0 8.6 7.5 2.5 2 0 3 2 2
5317.9 -9228.2 -7.1 210 0 14.2 9.7 5.0 2.5 2 0 2 0 0
5236.5 -9246.9 -7.1 218 0 10.5 13.2 2.5 2.5 2 1 1 1 1
5181.0 -9372.1 -7.8 310 0 13.6 9.7 2.5 0.0 0 0 1 5 5
5250.6 -9264.0 -7.2 131 0 14.1 10.2 5.0 0.0 0 0 2 4 4
5294.8 -9463.9 -8.2 142 0 14.2 10.0 7.5 2.5 2 0 3 4 4
5168.5 -9361.9 -7.8 310 0 13.6 8.8 2.5 2.5 2 0 1 0 0
6098.1 -9428.4 -6.7 132 0 13.2 41.7 10.0 2.5 2 1 4 2 2
5397.8 -9258.1 -7.5 228 0 14.2 9.3 7.5 2.5 2 0 3 0 0
6129.0 -9451.2 -6.5 308 0 14.9 16.0 5.0 2.5 2 1 2 3 3
5385.8 -9269.1 -7.3 228 0 15.1 8.9 7.5 2.5 2 0 3 5 5
5232.6 -9389.1 -7.9 141 0 13.8 9.3 5.0 2.5 2 0 2 0 0
5357.4 -9170.1 -7.1 219 0 14.7 9.8 7.5 2.5 4 0 3 1 1
5275.6 -9438.8 -8.1 145 0 13.3 9.0 7.5 2.5 2 0 3 5 5
5325.7 -9324.0 -7.5 230 0 9.4 14.5 2.5 2.5 2 1 1 4 4
5301.5 -9255.4 -7.0 210 0 14.5 9.0 5.0 2.5 2 0 2 2 2
5336.9 -9344.7 -7.5 140 0 13.8 9.8 5.0 2.5 2 0 2 3 3
5307.6 -9661.8 -9.4 308 0 22.0 10.4 5.0 2.5 2 0 2 1 1
5388.4 -9412.5 -7.9 150 0 14.0 9.4 5.0 2.5 2 0 2 4 4
6213.6 -9437.7 -6.2 132 0 17.3 36.7 10.0 2.5 2 1 4 4 4
5347.2 -9183.6 -7.2 217 0 15.1 9.4 7.5 2.5 4 0 3 2 2
5285.4 -9451.4 -8.2 144 0 13.4 9.3 5.0 2.5 2 0 2 5 5
5306.4 -9480.8 -8.3 148 0 13.7 9.9 5.0 2.5 2 0 2 2 2
5339.9 -9376.6 -7.8 320 0 37.8 12.1 10.0 0.0 0 0 4 5 5
5262.1 -9317.3 -7.5 311 0 35.9 11.8 10.0 2.5 2 0 4 2 2
5289.4 -9659.5 -9.4 38 0 7.7 39.0 7.5 0.0 0 1 3 5 5
5253.2 -9633.7 -9.2 128 0 37.3 12.6 10.0 2.5 4 0 4 3 3
5371.2 -9505.7 -8.5 338 0 19.2 16.0 10.0 0.0 0 0 4 2 2
5388.0 -9576.2 -8.8 149 0 26.0 13.5 10.0 2.5 2 0 4 1 1
5271.8 -9305.9 -7.4 311 0 38.1 12.2 10.0 2.5 2 0 4 5 5
5312.3 -9345.1 -7.6 317 0 37.1 12.4 7.5 0.0 0 0 3 2 2
5568.1 -10306.6 -7.5 63 0 23.5 10.0 2.5 2.5 2 0 1 2 2
5504.4 -10269.3 -6.3 150 0 23.3 23.5 7.5 2.5 2 1 3 1 1
5480.9 -10238.4 -6.2 152 0 19.7 44.7 10.0 2.5 2 1 4 3 3
6551.1 -9461.8 -5.3 233 0 13.3 24.9 7.5 2.5 2 1 3 4 4
6746.8 -9672.0 -8.4 311 0 12.1 21.2 10.0 2.5 2 1 4 2 2
6708.3 -9591.9 -7.5 314 0 20.1 21.1 5.0 2.5 2 1 2 0 0
6865.3 -10037.3 -12.2 131 0 15.9 17.1 7.5 2.5 2 1 3 5 5
6910.7 -10059.0 -12.7 39 0 16.8 14.0 5.0 2.5 2 0 2 1 1
6543.1 -9444.9 -5.3 50 0 15.1 20.9 7.5 2.5 2 1 3 5 5
6836.3 -10016.4 -11.8 128 0 18.8 20.2 12.5 0.0 0 1 5 0 0
6673.2 -9957.8 -9.8 47 0 13.7 35.5 7.5 2.5 2 1 3 4 4
6920.2 -8973.6 -4.8 1 0 17.4 14.7 10.0 2.5 2 0 4 3 3
6872.6 -9608.2 -9.0 50 0 8.9 22.1 5.0 2.5 4 1 2 0 0
6388.8 -9559.5 -5.5 124 0 9.0 16.6 5.0 2.5 2 1 2 0 0
5187.8 -9585.4 -9.0 128 0 12.9 25.2 10.0 2.5 2 1 4 5 5
6533.0 -8432.3 -3.9 150 0 12.0 27.0 10.0 0.0 0 1 4 1 1
6564.7 -8477.3 -3.9 59 0 20.4 18.5 7.5 0.0 0 0 3 3 3
6588.1 -8461.8 -3.7 59 0 20.4 18.5 10.0 0.0 0 0 4 4 4
6025.9 -9698.2 -6.5 37 0 19.8 11.3 5.0 2.5 2 0 2 5 5
6623.0 -9057.5 -6.0 146 0 136.3 25.9 10.0 0.0 0 0 4 5 5
6613.2 -9663.8 -7.1 46 0 8.5 8.7 5.0 2.5 2 1 2 3 3
6528.3 -9767.1 -7.3 220 0 12.7 17.1 7.5 0.0 0 1 3 3 3
6136.9 -9786.0 -6.1 25 0 19.1 23.7 5.0 2.5 2 1 2 4 4
6766.3 -9356.3 -6.2 52 0 11.1 12.0 5.0 2.5 2 1 2 0 0
6707.6 -9407.0 -6.0 51 0 9.6 14.4 5.0 0.0 0 1 2 5 5
5226.6 -9849.1 -8.9 129 0 31.3 8.4 7.5 2.5 2 0 3 5 5
6587.3 -9331.6 -5.3 51 0 16.4 7.1 2.5 2.5 2 0 1 0 0
6359.5 -8208.6 -4.0 40 0 15.1 8.5 7.5 2.5 2 0 3 4 4
6271.1 -9697.2 -5.7 126 0 14.2 15.6 2.5 0.0 0 1 1 0 0
6754.1 -9312.4 -5.8 231 0 7.4 13.0 5.0 2.5 2 1 2 5 5
6631.9 -9386.3 -5.2 50 0 13.1 22.9 7.5 2.5 2 1 3 3 3
6311.2 -9624.8 -5.6 216 0 13.1 20.7 10.0 2.5 2 1 4 5 5
6445.8 -9608.2 -5.3 219 0 13.4 18.0 5.0 2.5 2 1 2 0 0
5170.5 -10240.4 -8.1 241 0 18.1 15.9 15.0 0.0 0 0 6 2 2
6650.8 -9459.0 -5.9 49 0 20.8 9.9 5.0 2.5 4 0 2 3 3
5112.0 -10282.5 -7.6 241 0 11.0 14.7 7.5 2.5 2 1 3 4 4
6379.2 -9457.9 -5.7 94 0 9.6 7.5 7.5 2.5 2 0 3 2 2
6214.7 -9316.8 -6.6 40 0 18.8 12.5 5.0 2.5 2 0 2 3 3
6401.3 -9754.3 -5.9 129 0 9.7 10.4 5.0 2.5 2 1 2 1 1
6484.9 -9565.8 -5.4 225 0 14.2 22.3 10.0 2.5 2 1 4 5 5
5155.1 -10208.1 -7.8 61 0 9.5 9.8 7.5 2.5 2 1 3 0 0
6602.5 -9762.9 -7.8 123 0 8.8 13.3 2.5 2.5 2 1 1 0 0
6316.0 -9590.4 -5.7 215 0 16.4 14.8 10.0 2.5 2 0 4 3 3
6480.1 -9639.7 -5.8 126 0 15.0 10.4 5.0 2.5 2 0 2 2 2
6465.3 -9826.7 -7.0 215 0 16.3 5.8 7.5 2.5 2 0 3 1 1
5128.8 -10234.3 -7.0 61 0 13.4 25.9 12.5 2.5 4 1 5 3 3
6374.1 -9780.3 -5.9 120 0 25.0 17.7 7.5 0.0 0 0 3 0 0
6399.8 -9293.4 -5.9 317 0 14.9 10.5 2.5 2.5 2 0 1 1 1
6519.0 -9458.7 -5.3 57 0 14.8 17.5 10.0 0.0 0 1 4 5 5
5335.4 -12227.8 -20.6 338 0 19.4 22.3 7.5 2.5 2 1 3 0 0
5218.9 -10321.6 -7.9 239 0 18.2 31.0 15.0 0.0 0 1 6 2 2
5251.8 -10493.2 -8.7 57 0 15.9 31.5 7.5 2.5 2 1 3 5 5
5550.7 -10413.4 -7.3 328 0 13.7 16.8 2.5 2.5 2 1 1 5 5
4987.9 -12000.6 -19.1 223 0 48.4 138.2 10.0 0.0 0 1 4 2 2
5054.7 -10311.1 -5.3 236 0 11.9 20.1 7.5 2.5 2 1 3 1 1
5041.0 -10319.3 -4.9 238 0 14.8 23.2 10.0 2.5 2 1 4 0 0
5087.5 -10618.3 -12.1 241 0 11.2 12.5 5.0 0.0 0 1 2 4 4
5494.8 -10317.9 -7.2 328 0 34.5 44.7 10.0 0.0 0 1 4 5 5
5087.5 -11515.6 -19.0 134 0 13.9 20.9 7.5 2.5 2 1 3 2 2
6162.1 -11482.6 -18.9 298 0 42.0 55.1 12.5 0.0 0 1 5 5 5
5048.2 -10538.3 -9.5 240 0 12.6 25.3 10.0 2.5 2 1 4 1 1
5065.2 -11725.5 -19.0 227 0 21.1 31.6 7.5 0.0 0 1 3 1 1
6184.4 -11890.0 -24.9 206 0 40.5 63.4 10.0 0.0 0 1 4 3 3
5032.0 -10546.1 -9.8 240 0 14.9 24.9 7.5 2.5 2 1 3 2 2
5106.7 -11681.5 -18.7 225 0 10.8 18.0 5.0 2.5 4 1 2 0 0
5063.7 -10604.8 -10.6 66 0 17.4 18.3 10.0 2.5 2 1 4 2 2
5348.0 -10334.4 -7.2 150 0 18.4 13.5 5.0 2.5 2 0 2 3 3
5034.2 -10649.5 -12.3 237 0 18.5 27.0 12.5 0.0 0 1 5 5 5
5107.6 -10345.7 -8.0 59 0 14.5 28.5 12.5 2.5 2 1 5 5 5
6830.0 -9629.1 -8.8 48 0 8.8 10.8 7.5 2.5 4 1 3 4 4
6496.3 -9822.7 -7.4 215 0 8.9 16.1 7.5 2.5 2 1 3 1 1
5022.1 -10177.1 -5.5 239 0 28.1 32.5 15.0 0.0 0 1 6 0 0
6713.0 -9909.7 -9.8 46 0 14.0 14.2 7.5 2.5 2 1 3 1 1
6843.3 -9824.9 -10.4 224 0 4.9 8.4 7.5 2.5 2 1 3 5 5
6477.3 -9831.6 -7.2 216 0 11.7 7.8 7.5 2.5 2 0 3 3 3
5285.6 -9838.6 -8.7 36 0 6.5 13.7 5.0 2.5 4 1 2 0 0
5151.1 -10318.2 -9.0 60 0 18.8 13.7 7.5 2.5 4 0 3 2 2
6441.8 -9836.8 -7.0 300 0 29.0 7.5 2.5 2.5 2 0 1 4 4
6529.4 -9859.9 -7.8 32 0 13.0 16.7 5.0 2.5 2 1 2 4 4
6276.0 -8236.1 -4.6 215 0 13.0 7.0 5.0 2.5 2 0 2 3 3
6872.2 -9625.9 -9.2 224 0 12.9 10.7 5.0 2.5 2 0 2 1 1
6864.0 -9802.7 -10.4 226 0 8.4 6.4 7.5 2.5 2 0 3 4 4
6609.3 -9901.2 -9.0 223 0 4.7 18.1 7.5 2.5 2 1 3 1 1
5067.0 -10301.3 -6.0 239 0 12.9 25.9 7.5 2.5 2 1 3 5 5
5070.4 -9773.7 -9.8 35 0 10.3 14.3 7.5 2.5 2 1 3 5 5
5063.2 -10243.5 -3.9 59 0 30.3 27.0 10.0 0.0 0 0 4 4 4
6899.5 -9857.8 -11.1 39 0 5.8 12.7 5.0 2.5 2 1 2 5 5
5191.5 -9903.9 -8.7 127 0 11.6 10.6 2.5 2.5 2 0 1 5 5
5443.5 -10317.4 -7.3 149 0 12.6 7.3 5.0 2.5 2 0 2 4 4
6470.5 -9864.0 -7.3 125 0 9.6 5.9 7.5 2.5 2 0 3 4 4
6925.7 -9473.0 -8.5 316 0 20.1 20.1 10.0 2.5 2 0 4 1 1
6811.6 -9529.3 -7.9 324 0 12.8 18.1 5.0 0.0 0 1 2 0 0
6688.5 -9824.4 -9.0 308 0 10.2 7.1 5.0 2.5 2 0 2 4 4
5319.4 -10022.9 -8.3 149 0 19.0 10.4 5.0 2.5 2 0 2 1 1
6539.7 -9801.7 -7.4 38 0 6.0 11.6 7.5 2.5 2 1 3 5 5
6688.1 -9770.8 -8.6 42 0 10.1 13.2 2.5 2.5 2 1 1 0 0
6584.8 -9724.8 -7.4 211 0 4.8 13.7 7.5 2.5 2 1 3 1 1
6569.9 -9584.1 -6.2 316 0 14.0 5.9 5.0 2.5 2 0 2 2 2
6614.4 -9765.8 -7.9 127 0 7.2 11.2 2.5 2.5 2 1 1 4 4
6370.5 -9800.4 -5.9 29 0 9.1 20.0 7.5 2.5 2 1 3 1 1
6533.2 -9678.5 -6.7 215 0 10.4 20.9 2.5 2.5 2 1 1 4 4
6709.7 -9681.1 -8.2 223 0 8.1 16.2 7.5 2.5 2 1 3 5 5
6755.8 -9518.5 -7.4 318 0 26.6 16.8 10.0 2.5 2 0 4 2 2
6667.7 -9688.7 -7.8 303 0 8.5 11.4 5.0 0.0 0 1 2 1 1
6545.0 -9660.6 -6.5 131 0 17.7 9.7 7.5 2.5 2 0 3 5 5
6676.8 -9696.1 -7.9 303 0 5.7 11.6 5.0 2.5 2 1 2 0 0
6783.0 -9892.2 -10.5 129 0 28.7 7.3 5.0 2.5 2 0 2 5 5
5450.8 -10093.8 -6.4 279 0 15.5 8.7 5.0 0.0 0 0 2 5 5
6762.0 -9862.6 -10.0 217 0 18.5 8.4 5.0 2.5 2 0 2 4 4
4080.5 -4822.7 -7.5 112 0 18.1 9.1 2.5 0.0 0 0 1 4 4
3984.6 -4727.7 -6.5 153 0 22.7 11.7 7.5 0.0 0 0 3 2 2
4030.4 -4782.8 -7.0 135 0 23.1 9.9 7.5 2.5 2 0 3 5 5
4587.9 -5250.2 -6.0 292 0 69.7 102.4 10.0 0.0 0 1 4 4 4
-3414.6 -1263.1 6.1 114 0 23.2 116.3 10.0 0.0 0 1 4 3 3
-3558.5 -1268.8 5.0 114 0 23.2 116.3 12.5 0.0 0 1 5 0 0
-4532.6 -1671.9 0.2 248 0 12.4 49.4 10.0 2.5 2 1 4 3 3
-4385.3 -2163.7 6.5 340 0 27.8 19.5 7.5 2.5 2 0 3 5 5
-5141.1 -2338.6 -3.3 136 0 57.0 16.2 12.5 2.5 2 0 5 5 5
-5107.1 -2016.8 -1.6 67 0 4.9 30.3 7.5 2.5 2 1 3 5 5
-5094.8 -2019.1 -2.3 159 0 8.0 30.6 5.0 2.5 2 1 2 0 0
-5099.5 -2007.5 -2.1 159 0 7.4 30.3 2.5 2.5 2 1 1 2 2
-5103.4 -1996.1 -1.9 158 0 8.3 26.8 5.0 0.0 0 1 2 3 3
-5086.6 -1935.0 -1.8 158 0 15.7 11.0 7.5 2.5 2 0 3 3 3
-5126.2 -1941.4 -1.5 161 0 17.0 36.5 7.5 2.5 2 1 3 2 2
-5129.9 -1854.7 -1.0 160 0 11.1 40.5 10.0 2.5 2 1 4 0 0
-5001.6 -1854.7 -1.6 250 0 60.4 17.6 12.5 2.5 2 0 5 5 5
-4970.9 -1875.8 -0.3 249 0 8.9 15.9 5.0 2.5 2 1 2 4 4
-5049.1 -1911.9 -2.1 160 0 19.4 49.4 7.5 2.5 4 1 3 3 3
-5036.2 -1933.1 -2.5 158 0 22.8 42.3 10.0 0.0 0 1 4 3 3
-4959.5 -2131.7 -2.6 158 0 10.1 35.9 7.5 0.0 0 1 3 2 2
-5031.3 -2248.4 -4.4 157 0 13.4 51.3 7.5 2.5 2 1 3 4 4
-4832.4 -1917.2 2.3 251 0 43.9 21.7 10.0 2.5 2 0 4 0 0
-4880.8 -2000.9 0.8 160 0 8.6 20.6 7.5 2.5 4 1 3 5 5
-4842.2 -2093.1 0.8 161 0 7.0 22.9 2.5 2.5 2 1 1 1 1
-4830.7 -2070.4 1.3 163 0 17.1 14.4 7.5 2.5 2 0 3 0 0
-4813.1 -2066.0 1.8 161 0 17.5 18.4 7.5 2.5 4 1 3 2 2
-4686.5 -1966.2 4.9 340 0 22.3 23.7 10.0 2.5 2 1 4 3 3
-4644.8 -1930.4 3.9 69 0 29.8 69.7 10.0 0.0 0 1 4 4 4
-4685.4 -1944.6 4.3 69 0 7.9 71.2 7.5 2.5 2 1 3 3 3
-4704.7 -1952.2 4.1 69 0 23.3 72.0 10.0 0.0 0 1 4 2 2
-4763.4 -1849.4 3.9 248 0 70.8 16.3 10.0 2.5 2 0 4 0 0
-4700.5 -1824.2 3.6 249 0 41.1 16.9 7.5 2.5 4 0 3 3 3
-4642.6 -1801.6 2.8 250 0 71.1 17.4 15.0 0.0 0 0 6 1 1
-4470.4 -1845.1 1.6 70 0 45.4 19.2 12.5 0.0 0 0 5 2 2
-4531.9 -1826.4 2.4 70 0 17.7 21.9 10.0 2.5 2 1 4 0 0
-4508.6 -1663.4 1.8 249 0 12.9 51.7 10.0 2.5 2 1 4 4 4
-3404.1 -1424.8 3.3 91 0 18.5 20.2 10.0 2.5 2 1 4 0 0
-3346.4 -1437.0 1.6 1 0 14.0 14.5 7.5 2.5 4 1 3 5 5
-3350.3 -1406.2 3.3 360 0 29.3 10.8 12.5 2.5 4 0 5 1 1
-3387.3 -1337.4 7.8 269 0 15.5 24.7 7.5 0.0 0 1 3 5 5
-3352.8 -1345.7 8.0 359 0 24.2 17.5 12.5 2.5 2 0 5 3 3
-3360.1 -1316.1 9.5 270 0 18.3 16.1 12.5 2.5 4 0 5 0 0
-3385.9 -1296.4 11.0 89 0 14.7 21.4 7.5 2.5 2 1 3 1 1
-3532.0 -1342.6 8.5 270 0 17.1 23.9 12.5 2.5 2 1 5 1 1
-3569.2 -1354.0 8.4 180 0 24.8 17.8 10.0 2.5 4 0 4 1 1
-3533.9 -1324.7 9.2 270 0 18.5 9.3 5.0 2.5 2 0 2 2 2
-3519.2 -1291.7 9.7 90 0 18.4 9.8 7.5 2.5 2 0 3 2 2
-3485.1 -1300.9 10.3 89 0 35.5 16.0 7.5 2.5 2 0 3 0 0
-3609.6 -1579.0 -1.6 0 0 10.9 30.1 10.0 2.5 2 1 4 5 5
-3616.0 -1565.5 -1.6 360 0 13.1 21.7 10.0 2.5 2 1 4 5 5
-3618.2 -1522.9 -1.7 359 0 54.6 27.9 15.0 0.0 0 0 6 0 0
-3703.3 -1358.3 4.8 339 0 27.0 16.8 10.0 2.5 2 0 4 0 0
-3687.8 -1422.8 4.9 68 0 18.3 48.4 7.5 2.5 2 1 3 3 3
-3885.4 -1274.2 3.4 251 0 61.9 17.0 10.0 2.5 2 0 4 3 3
-3876.5 -1299.2 2.6 252 0 60.9 17.7 10.0 2.5 2 0 4 0 0
3650.0 -4380.3 -2.9 129 0 19.4 21.2 10.0 2.5 2 1 4 4 4
1409.1 -7331.6 -6.0 323 0 22.6 21.9 10.5 3.5 2 0 3 5 5
