6503.9 -12073.7 -20.5 274 0 8.8 9.0 7.5 2.5 2 1 3 1 1
6483.3 -12055.0 -20.6 92 0 12.4 19.2 7.5 2.5 2 1 3 2 2
6591.5 -12071.4 -20.6 198 0 11.9 10.6 5.0 2.5 2 0 2 3 3
6740.2 -12105.5 -20.6 97 0 10.1 5.7 7.5 2.5 2 0 3 5 5
6568.1 -12086.2 -20.5 285 0 9.1 10.2 2.5 2.5 2 1 1 3 3
6918.7 -11929.0 -20.3 15 0 14.7 27.2 10.0 2.5 2 1 4 0 0
6372.5 -12104.6 -20.4 269 0 8.3 10.1 7.5 2.5 4 1 3 0 0
6690.2 -12106.7 -20.6 106 0 16.1 7.8 2.5 2.5 2 0 1 5 5
6544.0 -12021.8 -20.6 284 0 3.4 10.7 5.0 2.5 2 1 2 4 4
6904.3 -11728.7 -20.0 3 0 11.4 4.6 5.0 2.5 2 0 2 1 1
6682.6 -12112.9 -20.6 196 0 8.4 7.9 2.5 2.5 2 0 1 5 5
6563.6 -12046.9 -20.6 107 0 3.9 9.9 5.0 2.5 2 1 2 1 1
6553.6 -12046.3 -20.6 107 0 4.3 10.6 7.5 2.5 2 1 3 2 2
6435.8 -12154.8 -20.4 4 0 11.4 10.3 10.0 2.5 2 0 4 4 4
6464.9 -12182.6 -20.4 5 0 6.9 9.7 2.5 2.5 2 1 1 0 0
6891.8 -12066.1 -20.5 6 0 14.2 18.1 10.0 2.5 2 1 4 4 4
6433.2 -12168.2 -20.4 6 0 9.3 9.5 7.5 2.5 2 1 3 3 3
6550.1 -12066.0 -20.6 104 0 4.2 10.5 2.5 2.5 2 1 1 0 0
6917.0 -11868.2 -20.2 9 0 9.4 16.5 7.5 2.5 2 1 3 1 1
6549.7 -12011.2 -20.6 287 0 5.2 8.4 7.5 2.5 2 1 3 0 0
6771.3 -12104.2 -20.6 86 0 10.2 9.7 7.5 2.5 2 0 3 3 3
6846.0 -12091.0 -20.7 85 0 7.7 23.1 7.5 2.5 2 1 3 0 0
6925.2 -11714.0 -20.3 274 0 26.3 14.4 7.5 2.5 2 0 3 5 5
6428.2 -12108.6 -20.5 3 0 8.6 9.7 2.5 2.5 2 1 1 1 1
6630.6 -12010.3 -20.7 13 0 7.2 12.5 7.5 2.5 2 1 3 3 3
6865.2 -11826.5 -19.7 97 0 6.8 7.5 7.5 2.5 2 1 3 5 5
6445.3 -12116.6 -20.5 93 0 9.9 8.6 5.0 2.5 2 0 2 2 2
6902.0 -11822.8 -20.0 10 0 14.7 13.7 5.0 2.5 2 0 2 4 4
6772.3 -12090.7 -20.7 95 0 10.9 5.5 5.0 2.5 2 0 2 5 5
6918.0 -11945.8 -20.3 12 0 11.9 15.9 10.0 2.5 2 1 4 2 2
6469.5 -12176.7 -20.4 186 0 7.8 8.5 2.5 2.5 2 1 1 3 3
6676.3 -12055.8 -20.6 286 0 11.4 8.0 2.5 2.5 2 0 1 3 3
6862.2 -11640.2 -19.5 273 0 10.0 13.1 5.0 2.5 2 1 2 3 3
6926.2 -11776.3 -20.2 8 0 16.6 9.9 5.0 2.5 2 0 2 1 1
6929.4 -11675.8 -20.2 290 0 14.3 22.4 7.5 2.5 2 1 3 3 3
5134.3 -11944.6 -20.0 289 0 8.7 12.4 7.5 2.5 2 1 3 4 4
5128.0 -11935.3 -20.1 108 0 5.9 11.5 5.0 2.5 2 1 2 1 1
5097.7 -11932.4 -20.0 290 0 5.2 13.3 7.5 2.5 2 1 3 3 3
5069.9 -11994.2 -20.0 108 0 5.5 14.0 7.5 2.5 2 1 3 1 1
5653.0 -11959.0 -20.3 195 0 7.5 23.2 7.5 0.0 0 1 3 4 4
5297.2 -12106.5 -19.9 105 0 5.2 14.7 2.5 2.5 2 1 1 4 4
5109.6 -11972.5 -20.0 289 0 5.6 14.2 7.5 2.5 2 1 3 5 5
5086.5 -11967.8 -20.0 288 0 7.5 12.5 5.0 0.0 0 1 2 1 1
5307.6 -12038.1 -20.0 288 0 11.7 13.9 5.0 0.0 0 1 2 0 0
5138.3 -11907.5 -20.1 289 0 6.1 9.7 2.5 2.5 2 1 1 2 2
5172.2 -11919.3 -20.1 287 0 5.1 12.0 5.0 2.5 2 1 2 3 3
5210.2 -12036.0 -20.0 109 0 5.4 14.0 2.5 2.5 2 1 1 2 2
5290.1 -12065.4 -20.0 107 0 5.8 15.3 7.5 2.5 2 1 3 4 4
5057.1 -11963.0 -20.0 19 0 13.2 8.2 5.0 2.5 2 0 2 2 2
5327.9 -12155.5 -19.8 289 0 12.7 10.4 5.0 2.5 4 0 2 0 0
5198.4 -12071.5 -19.9 108 0 5.5 13.8 7.5 2.5 4 1 3 2 2
5233.0 -12044.7 -20.0 109 0 5.6 14.1 5.0 2.5 2 1 2 5 5
5045.7 -11946.6 -20.0 110 0 8.3 13.3 5.0 0.0 0 1 2 2 2
5010.7 -11861.8 -20.1 101 0 7.6 5.7 7.5 2.5 2 0 3 4 4
5202.7 -12040.2 -19.9 288 0 6.0 13.4 2.5 2.5 2 1 1 4 4
5132.8 -12044.2 -19.9 15 0 14.0 5.3 2.5 2.5 2 0 1 5 5
5267.9 -12057.1 -20.0 107 0 5.9 15.8 5.0 0.0 0 1 2 3 3
5166.2 -11954.9 -20.0 287 0 5.1 12.3 7.5 2.5 2 1 3 1 1
5115.1 -11974.9 -20.0 286 0 4.9 14.0 7.5 2.5 2 1 3 3 3
5199.6 -11994.6 -20.0 111 0 4.5 9.7 5.0 2.5 2 1 2 4 4
5274.0 -12058.3 -20.0 107 0 5.1 15.9 7.5 2.5 2 1 3 3 3
5184.7 -12034.3 -19.9 287 0 6.0 14.0 2.5 2.5 2 1 1 2 2
5146.1 -11940.2 -20.1 108 0 5.0 15.3 7.5 2.5 2 1 3 2 2
5197.1 -12037.9 -19.9 288 0 4.8 14.6 5.0 0.0 0 1 2 4 4
5063.2 -11920.7 -20.0 289 0 5.5 13.2 5.0 2.5 2 1 2 4 4
5150.1 -11946.5 -20.0 288 0 5.1 15.4 2.5 2.5 2 1 1 3 3
5177.5 -12064.9 -19.9 106 0 11.2 6.9 5.0 2.5 2 0 2 3 3
5226.1 -12046.6 -19.9 291 0 6.7 15.4 2.5 0.0 0 1 1 2 2
5162.0 -11912.9 -20.1 290 0 4.5 14.2 7.5 2.5 2 1 3 1 1
6822.3 -11636.3 -19.1 278 0 9.3 18.5 7.5 2.5 2 1 3 5 5
6797.0 -11643.4 -18.9 186 0 16.0 15.3 7.5 2.5 2 0 3 1 1
5200.5 -11957.3 -20.1 111 0 5.0 14.8 5.0 0.0 0 1 2 4 4
5268.9 -11798.0 -20.3 280 0 12.1 17.6 2.5 2.5 4 1 1 3 3
5303.2 -11893.4 -20.2 8 0 11.3 13.8 5.0 2.5 2 1 2 1 1
5211.1 -11959.6 -20.1 112 0 4.1 13.5 7.5 2.5 2 1 3 3 3
6248.4 -12076.3 -20.4 102 0 11.9 6.4 5.0 2.5 2 0 2 0 0
5586.6 -11804.8 -20.5 183 0 9.3 9.8 7.5 2.5 2 1 3 2 2
5523.2 -12150.4 -20.0 23 0 9.7 30.0 7.5 2.5 2 1 3 5 5
5615.7 -11917.9 -20.4 26 0 29.9 15.4 12.5 0.0 0 0 5 3 3
5262.8 -11957.8 -20.1 107 0 5.0 13.7 5.0 2.5 2 1 2 5 5
5477.6 -11870.5 -20.4 22 0 17.2 14.8 7.5 2.5 2 0 3 3 3
6192.4 -12060.5 -20.5 104 0 14.2 15.8 5.0 2.5 2 1 2 3 3
5706.3 -11765.9 -20.6 287 0 6.1 9.1 7.5 2.5 2 1 3 5 5
6238.8 -12070.3 -20.4 104 0 8.8 7.9 5.0 2.5 2 0 2 5 5
5416.0 -11748.2 -20.5 185 0 10.6 4.5 7.5 2.5 2 0 3 1 1
5234.2 -11967.8 -20.1 109 0 6.4 13.5 7.5 2.5 4 1 3 3 3
5540.8 -11936.9 -20.3 111 0 9.6 25.3 7.5 2.5 2 1 3 0 0
5502.2 -11854.8 -20.5 92 0 17.4 29.3 10.0 2.5 2 1 4 1 1
-6198.8 -8446.7 -2.3 285 0 10.4 15.7 2.5 2.5 4 1 1 4 4
-6227.5 -8506.8 -1.4 108 0 9.5 15.2 5.0 2.5 2 1 2 4 4
5829.2 7404.1 -6.0 136 0 37.9 68.3 10.0 0.0 0 1 4 2 2
