-2413.1 -6227.2 -7.4 74 0 20.2 69.8 10.0 2.5 2 1 4 4 4
-2372.3 -6240.8 -7.7 253 0 43.3 42.2 10.0 0.0 0 0 4 3 3
-2393.9 -6522.7 -4.3 73 0 60.0 77.2 10.0 0.0 0 1 4 4 4
-2326.7 -6464.4 -5.0 343 0 82.3 43.4 10.0 0.0 0 0 4 5 5
-5441.4 2492.5 -5.5 192 0 15.0 15.0 5.0 2.5 2 1 2 1 1
-5526.0 2381.6 -0.3 317 0 9.0 9.2 7.5 2.5 2 1 3 1 1
-5532.6 2388.2 -0.1 317 0 9.0 9.2 2.5 2.5 2 1 1 1 1
-5556.1 2377.6 0.1 63 0 19.3 21.6 10.0 0.0 0 1 4 1 1
-5686.4 2455.3 3.7 0 0 6.2 10.2 7.5 2.5 2 1 3 3 3
-5692.5 2473.0 4.0 27 0 6.2 10.2 7.5 2.5 2 1 3 0 0
-5503.5 2497.9 -2.5 200 0 7.3 15.1 7.5 2.5 4 1 3 1 1
-5486.8 2416.3 -0.8 185 0 7.2 15.1 5.0 2.5 2 1 2 5 5
-5613.2 2605.3 -7.0 215 0 7.3 15.1 5.0 2.5 2 1 2 2 2
-5681.0 2503.4 2.3 174 0 7.2 15.1 5.0 2.5 2 1 2 3 3
-5725.3 2412.4 3.0 182 0 46.3 23.4 10.0 0.0 0 0 4 5 5
4798.8 6332.2 -12.0 297 0 23.9 65.7 12.5 2.5 2 1 5 5 5
-6577.8 -5129.1 0.3 92 0 5.4 13.8 2.5 2.5 2 1 1 1 1
