1402.3 -12053.6 -11.3 201 0 31.4 32.8 12.5 0.0 0 1 5 4 4
3409.7 -5584.3 -5.1 35 0 17.2 9.5 2.5 2.5 2 0 1 0 0
3391.7 -5574.9 -5.0 126 0 7.8 26.3 2.5 0.0 0 1 1 5 5
3401.8 -5667.5 -5.3 126 0 12.9 33.6 10.0 2.5 2 1 4 2 2
3987.5 -5318.3 -6.2 318 0 25.5 37.4 12.5 0.0 0 1 5 5 5
4020.6 -5098.6 -4.3 320 0 22.4 52.0 15.0 2.5 2 1 6 4 4
3961.7 -5085.6 -4.1 317 0 58.7 17.4 7.5 2.5 2 0 3 4 4
3931.9 -5162.2 -4.5 317 0 17.2 28.8 7.5 2.5 2 1 3 1 1
-2827.5 6679.3 -2.5 46 0 86.3 85.9 12.5 0.0 0 0 5 1 1
-1184.2 -1658.6 2.4 257 0 26.0 51.2 7.5 0.0 0 1 3 2 2
-3150.2 5296.8 -1.8 144 0 48.8 92.3 15.0 0.0 0 1 6 1 1
