-4425.1 -8956.5 -7.6 160 0 50.7 439.0 5.0 0.0 0 1 2 1 1
-4528.5 -8773.1 -8.2 248 0 40.6 104.0 5.0 0.0 0 1 2 1 1
-4456.2 -8512.4 -7.2 75 0 94.3 29.0 12.5 0.0 0 0 5 3 3
-5973.6 -8047.7 -8.2 255 0 56.0 71.5 7.5 0.0 0 1 3 3 3
-5820.3 -8239.9 -8.0 73 0 40.1 62.8 7.5 0.0 0 0 3 2 2
-5859.2 -8102.9 -8.0 255 0 38.6 65.5 7.5 0.0 0 0 3 5 5
-5893.2 -8141.1 -8.0 163 0 39.8 23.2 10.0 0.0 0 0 4 5 5
-5868.3 -8228.0 -7.9 162 0 51.2 22.6 10.0 2.5 2 0 4 4 4
1509.7 -6220.9 -2.7 254 0 20.7 62.2 12.5 2.5 2 1 5 1 1
1608.0 -6247.4 -3.2 344 0 24.3 73.7 7.5 0.0 0 1 3 5 5
