328.5 -3533.2 -8.8 180 0 15.0 28.8 10.0 2.5 2 0 4 0 0
848.0 -3690.8 -7.6 0 0 15.1 28.8 12.5 2.5 2 0 5 5 5
704.6 -3832.6 -0.9 271 0 15.0 29.0 12.5 2.5 2 0 5 5 5
682.6 -3748.4 -4.6 0 0 15.1 28.8 10.0 2.5 2 0 4 4 4
250.7 -4009.2 -7.4 0 0 15.1 28.8 12.5 2.5 2 0 5 5 5
789.9 -3780.8 -2.7 180 0 15.0 28.8 12.5 2.5 2 0 5 1 1
690.2 -3710.9 -7.3 91 0 15.0 29.0 10.0 2.5 2 0 4 3 3
734.6 -3833.0 -0.3 271 0 15.0 28.9 10.0 2.5 2 0 4 3 3
327.9 -3638.7 -6.0 180 0 15.1 28.8 12.5 2.5 2 0 5 1 1
765.2 -3711.7 -8.8 91 0 15.0 29.0 10.0 2.5 2 0 4 3 3
658.8 -3890.0 0.2 91 0 15.0 29.0 10.0 2.5 2 0 4 2 2
750.2 -3711.6 -9.0 91 0 15.0 29.0 10.0 2.5 2 0 4 3 3
251.2 -3933.8 -11.5 0 0 15.1 28.8 10.0 2.5 2 0 4 3 3
237.1 -3865.8 -11.4 270 0 28.8 15.1 10.0 2.5 2 0 4 3 3
370.6 -3737.1 2.3 90 0 28.8 15.1 7.5 2.5 2 0 3 5 5
847.5 -3781.2 -2.1 0 0 15.1 28.8 10.0 2.5 2 0 4 0 0
667.8 -3816.2 -2.9 90 0 28.8 15.1 12.5 2.5 2 0 5 2 2
250.7 -4024.3 -6.6 0 0 15.1 28.8 10.0 2.5 2 0 4 3 3
386.1 -3533.6 -9.9 0 0 15.0 28.8 12.5 2.5 2 0 5 2 2
804.1 -3818.6 -0.9 90 0 28.8 15.1 12.5 2.5 2 0 5 5 5
629.5 -3831.7 0.9 271 0 15.0 29.0 10.0 2.5 2 0 4 2 2
328.2 -3593.5 -10.2 180 0 15.0 28.8 10.0 2.5 2 0 4 2 2
847.6 -3766.2 -3.0 0 0 15.1 28.8 10.0 2.5 2 0 4 1 1
193.5 -3948.4 -9.9 180 0 15.1 28.8 15.0 0.0 0 0 6 5 5
385.2 -3699.5 -0.5 0 0 15.1 28.8 12.5 2.5 2 0 5 3 3
625.0 -3748.0 -2.7 180 0 15.1 28.8 12.5 2.5 2 0 5 0 0
386.4 -3488.4 -6.0 0 0 15.0 28.8 10.0 2.5 2 0 4 0 0
833.8 -3652.9 -7.8 270 0 28.8 15.1 12.5 2.5 2 0 5 0 0
524.4 -3760.9 1.3 182 0 34.5 33.6 10.0 0.0 0 0 4 0 0
341.8 -3736.9 2.3 90 0 28.8 15.1 10.0 2.5 2 0 4 3 3
385.8 -3593.9 -10.2 0 0 15.1 28.8 10.0 2.5 2 0 4 0 0
736.0 -3653.5 -10.3 271 0 15.0 28.9 10.0 2.5 2 0 4 5 5
644.5 -3831.9 -0.1 271 0 15.0 29.0 10.0 2.5 2 0 4 5 5
386.3 -3503.4 -7.3 0 0 15.1 28.8 10.0 2.5 2 0 4 2 2
639.5 -3725.4 -3.1 270 0 28.8 15.1 12.5 2.5 2 0 5 1 1
675.9 -3652.9 -7.1 271 0 15.0 29.0 12.5 2.5 2 0 5 4 4
809.6 -3833.9 0.7 271 0 15.0 29.0 7.5 2.5 2 0 3 0 0
604.3 -3672.6 -1.7 0 0 33.0 74.7 10.0 0.0 0 1 4 4 4
327.7 -3684.0 -1.8 180 0 15.1 28.8 10.0 2.5 2 0 4 4 4
751.0 -3653.7 -10.3 271 0 15.0 28.9 12.5 2.5 2 0 5 4 4
328.8 -3487.9 -4.9 180 0 15.1 28.8 10.0 2.5 2 0 4 2 2
823.8 -3892.0 -1.1 91 0 15.0 28.9 12.5 2.5 2 0 5 5 5
521.6 -3852.0 0.1 181 0 33.8 35.6 12.5 0.0 0 1 5 0 0
659.6 -3832.1 -1.1 271 0 15.0 28.9 12.5 2.5 2 0 5 3 3
682.4 -3793.6 -3.4 0 0 15.1 28.8 10.0 2.5 2 0 4 2 2
251.0 -3963.9 -9.8 0 0 15.1 28.8 10.0 2.5 2 0 4 5 5
621.4 -3875.0 1.7 181 0 29.0 15.0 7.5 2.5 2 0 3 3 3
306.0 -3398.6 -5.5 1 0 180.9 80.2 15.0 0.0 0 0 6 5 5
327.9 -3653.8 -4.6 180 0 15.0 28.8 10.0 2.5 2 0 4 0 0
789.8 -3795.9 -1.8 180 0 15.0 28.8 12.5 2.5 2 0 5 2 2
673.8 -3890.1 0.2 91 0 15.0 29.0 12.5 2.5 2 0 5 4 4
603.2 -3796.5 1.3 1 0 17.1 38.6 7.5 2.5 2 1 3 2 2
327.6 -3699.1 -0.5 180 0 15.1 28.8 10.0 2.5 2 0 4 2 2
250.8 -3994.1 -8.2 0 0 15.1 28.8 10.0 2.5 2 0 4 0 0
524.1 -4038.7 -1.9 91 0 28.0 15.5 12.5 0.0 0 0 5 4 4
193.3 -3978.6 -8.2 180 0 15.1 28.8 10.0 2.5 2 0 4 4 4
848.1 -3675.7 -7.8 0 0 15.1 28.8 10.0 2.5 2 0 4 1 1
808.8 -3891.8 -0.8 91 0 15.0 28.9 12.5 2.5 2 0 5 1 1
624.7 -3793.2 -1.4 180 0 15.0 28.8 12.5 2.5 2 0 5 5 5
193.4 -3963.5 -9.0 180 0 15.0 28.8 12.5 2.5 2 0 5 3 3
386.1 -3548.7 -11.2 0 0 15.1 28.8 12.5 2.5 2 0 5 1 1
790.2 -3720.5 -6.3 180 0 15.0 28.8 10.0 2.5 2 0 4 0 0
824.6 -3834.1 0.4 271 0 15.0 29.0 10.0 2.5 2 0 4 2 2
328.4 -3548.2 -10.1 180 0 15.1 28.8 12.5 2.5 2 0 5 4 4
790.5 -3660.2 -9.0 180 0 15.1 28.8 7.5 2.5 2 0 3 2 2
720.2 -3711.3 -9.3 91 0 15.0 29.0 10.0 2.5 2 0 4 0 0
251.1 -3948.8 -10.7 0 0 15.1 28.8 10.0 2.5 2 0 4 2 2
385.5 -3654.3 -4.6 0 0 15.0 28.8 10.0 2.5 2 0 4 4 4
602.5 -3718.0 -0.4 0 0 33.6 11.1 12.5 2.5 2 0 5 1 1
250.9 -3979.0 -9.0 0 0 15.1 28.8 10.0 2.5 2 0 4 3 3
847.4 -3796.3 -1.2 0 0 15.1 28.8 12.5 2.5 2 0 5 4 4
793.8 -3891.6 -0.5 91 0 15.0 29.0 10.0 2.5 2 0 4 4 4
682.5 -3763.5 -4.2 0 0 15.1 28.8 10.0 2.5 2 0 4 4 4
386.0 -3563.8 -11.3 0 0 15.1 28.8 12.5 2.5 2 0 5 5 5
790.0 -3765.7 -3.6 180 0 15.0 28.8 17.5 0.0 0 0 7 5 5
603.8 -3841.0 1.8 1 0 17.1 38.6 7.5 2.5 2 1 3 4 4
790.1 -3750.7 -4.5 180 0 15.0 28.8 10.0 2.5 2 0 4 0 0
603.7 -3818.9 1.6 1 0 17.1 38.6 7.5 2.5 2 1 3 4 4
193.8 -3888.1 -12.3 180 0 15.1 28.8 10.0 2.5 2 0 4 5 5
385.7 -3609.0 -8.8 0 0 15.1 28.8 12.5 2.5 2 0 5 5 5
193.1 -4023.8 -5.8 180 0 15.1 28.8 10.0 2.5 2 0 4 2 2
386.2 -3518.5 -8.6 0 0 15.1 28.8 7.5 2.5 2 0 3 0 0
624.8 -3778.1 -1.9 180 0 15.1 28.8 12.5 2.5 2 0 5 1 1
674.6 -3832.2 -1.2 271 0 15.0 28.9 10.0 2.5 2 0 4 2 2
773.3 -3668.4 -9.7 1 0 29.0 15.0 10.0 2.5 2 0 4 5 5
328.7 -3503.0 -6.2 180 0 15.0 28.8 10.0 2.5 2 0 4 2 2
778.8 -3891.4 -0.2 91 0 15.0 29.0 15.0 0.0 0 0 6 2 2
385.6 -3624.1 -7.4 0 0 15.1 28.8 10.0 2.5 2 0 4 2 2
749.6 -3833.1 -0.0 271 0 15.0 28.9 12.5 2.5 2 0 5 0 0
748.8 -3891.1 0.4 91 0 15.0 29.0 10.0 2.5 2 0 4 1 1
328.1 -3608.6 -8.8 180 0 15.1 28.8 15.0 0.0 0 0 6 1 1
624.9 -3763.1 -2.3 180 0 15.0 28.8 10.0 2.5 2 0 4 4 4
847.3 -3811.4 -0.3 0 0 15.1 28.8 10.0 2.5 2 0 4 5 5
763.8 -3891.2 0.1 91 0 15.0 29.0 15.0 0.0 0 0 6 3 3
251.4 -3888.5 -12.3 0 0 15.1 28.8 10.0 2.5 2 0 4 0 0
328.6 -3518.1 -7.5 180 0 15.1 28.8 12.5 2.5 2 0 5 1 1
193.5 -3933.3 -10.7 180 0 15.1 28.8 10.0 2.5 2 0 4 5 5
790.5 -3675.2 -9.0 180 0 15.1 28.8 10.0 2.5 2 0 4 5 5
601.7 -3752.4 0.8 1 0 17.1 33.8 5.0 2.5 2 1 2 0 0
193.6 -3918.3 -11.5 180 0 15.0 28.8 12.5 2.5 2 0 5 0 0
705.9 -3653.2 -9.1 271 0 15.0 28.9 10.0 2.5 2 0 4 5 5
603.0 -3865.1 1.2 1 0 17.1 38.6 10.0 2.5 2 1 4 4 4
328.4 -3563.3 -11.4 180 0 15.1 28.8 10.0 2.5 2 0 4 1 1
668.3 -3725.7 -5.0 270 0 28.8 15.1 10.0 2.5 2 0 4 3 3
790.4 -3690.3 -8.1 180 0 15.1 28.8 7.5 2.5 2 0 3 3 3
720.9 -3653.3 -10.1 271 0 15.0 28.9 12.5 2.5 2 0 5 3 3
779.6 -3833.5 0.6 271 0 15.0 28.9 10.0 2.5 2 0 4 2 2
603.7 -3776.0 1.1 1 0 17.1 38.6 7.5 2.5 2 1 3 1 1
660.2 -3710.6 -5.3 91 0 15.0 29.0 12.5 2.5 2 0 5 2 2
193.2 -3993.7 -7.4 180 0 15.0 28.8 12.5 2.5 2 0 5 2 2
385.4 -3669.3 -3.2 0 0 15.1 28.8 7.5 2.5 2 0 3 5 5
328.8 -3472.8 -3.6 180 0 15.1 28.8 15.0 0.0 0 0 6 2 2
208.3 -3865.6 -12.3 270 0 28.8 15.1 10.0 2.5 2 0 4 4 4
385.2 -3714.6 0.9 0 0 15.1 28.8 12.5 2.5 2 0 5 4 4
847.7 -3751.1 -3.9 0 0 15.1 28.8 12.5 2.5 2 0 5 0 0
847.8 -3720.9 -5.5 0 0 15.1 16.4 5.0 2.5 2 0 2 0 0
688.8 -3890.3 0.5 91 0 15.0 28.9 10.0 2.5 2 0 4 1 1
639.0 -3815.9 -1.0 90 0 28.8 15.1 15.0 0.0 0 0 6 1 1
193.1 -4008.7 -6.6 180 0 15.0 28.8 12.5 2.5 2 0 5 4 4
385.9 -3578.8 -11.3 0 0 15.1 28.8 7.5 2.5 2 0 3 0 0
794.6 -3833.7 0.9 271 0 15.0 28.9 12.5 2.5 2 0 5 5 5
328.3 -3578.4 -11.4 180 0 15.0 28.8 10.0 2.5 2 0 4 0 0
790.3 -3705.4 -7.2 180 0 15.0 28.8 12.5 2.5 2 0 5 2 2
251.3 -3903.6 -12.3 0 0 15.1 28.8 15.0 0.0 0 0 6 3 3
385.3 -3684.4 -1.8 0 0 15.0 28.8 12.5 2.5 2 0 5 5 5
790.1 -3735.6 -5.4 180 0 15.1 28.8 12.5 2.5 2 0 5 3 3
386.5 -3473.3 -4.6 0 0 15.1 28.8 7.5 2.5 2 0 3 3 3
764.6 -3833.3 0.3 271 0 15.0 28.9 15.0 0.0 0 0 6 4 4
645.2 -3710.5 -4.3 91 0 15.0 29.0 10.0 2.5 2 0 4 3 3
385.6 -3639.2 -6.0 0 0 15.1 28.8 10.0 2.5 2 0 4 3 3
523.3 -3805.6 1.8 182 0 34.2 33.4 7.5 0.0 0 0 3 2 2
643.8 -3889.8 0.7 91 0 15.0 29.0 15.0 0.0 0 0 6 1 1
645.9 -3652.5 -5.1 271 0 15.0 28.9 15.0 0.0 0 0 6 4 4
689.6 -3832.4 -1.2 271 0 15.0 29.0 7.5 2.5 2 0 3 0 0
328.0 -3623.7 -7.4 180 0 15.0 28.8 15.0 0.0 0 0 6 2 2
682.4 -3778.6 -3.8 0 0 15.1 28.8 10.0 2.5 2 0 4 3 3
719.6 -3832.8 -0.6 271 0 15.0 28.9 10.0 2.5 2 0 4 0 0
327.8 -3668.9 -3.2 180 0 15.1 28.8 12.5 2.5 2 0 5 2 2
660.9 -3652.7 -6.1 271 0 15.0 28.9 12.5 2.5 2 0 5 5 5
847.9 -3705.8 -6.7 0 0 15.1 28.8 10.0 2.5 2 0 4 5 5
847.8 -3736.0 -4.9 0 0 15.0 28.8 10.0 2.5 2 0 4 4 4
523.4 -3706.3 0.7 182 0 19.6 36.6 7.5 2.5 2 1 3 3 3
345.2 -3775.9 -1.4 260 0 12.9 21.8 10.0 0.0 0 1 4 4 4
381.1 -4050.4 -2.1 0 0 15.6 29.3 12.5 2.5 2 0 5 5 5
45.2 -4127.1 0.9 92 0 33.2 33.8 7.5 0.0 0 1 3 2 2
1044.3 -3049.4 -4.5 91 0 156.7 93.6 17.5 0.0 0 0 7 0 0
-118.6 -4094.9 -3.6 181 0 73.3 42.6 10.0 0.0 0 0 4 1 1
381.3 -4034.7 -5.0 0 0 15.6 29.2 7.5 2.5 2 0 3 3 3
-67.7 -3720.9 -9.9 91 0 34.6 34.9 12.5 0.0 0 1 5 4 4
90.1 -4128.8 1.2 92 0 35.2 33.7 7.5 0.0 0 0 3 0 0
133.8 -4137.3 -0.5 91 0 34.5 75.0 12.5 0.0 0 1 5 0 0
173.7 -3842.9 -11.7 90 0 33.2 30.4 12.5 0.0 0 0 5 1 1
-66.9 -3559.0 -2.1 270 0 32.3 75.5 10.0 0.0 0 1 4 2 2
240.1 -4079.0 -3.9 0 0 33.5 31.9 10.0 0.0 0 0 4 1 1
292.5 -3973.0 -12.0 181 0 69.3 67.9 10.0 0.0 0 0 4 1 1
-23.2 -3721.8 -1.7 91 0 33.6 7.0 5.0 2.5 2 0 2 2 2
295.3 -3851.5 -7.8 181 0 34.8 68.0 10.0 0.0 0 1 4 2 2
-22.2 -3558.1 -5.6 270 0 35.6 75.0 12.5 0.0 0 1 5 2 2
1225.6 -2743.8 -0.2 270 0 57.3 113.9 15.0 0.0 0 1 6 0 0
0.2 -4059.2 0.5 271 0 32.1 34.1 7.5 0.0 0 1 3 0 0
115.8 -2845.6 -4.3 91 0 75.9 182.9 12.5 0.0 0 1 5 3 3
181.3 -4061.7 -2.7 270 0 32.6 73.3 10.0 0.0 0 1 4 5 5
1368.0 -2868.7 -2.5 91 0 26.3 99.8 12.5 0.0 0 1 5 3 3
5506.4 -5122.3 -10.4 1 0 23.7 12.1 10.0 2.5 2 0 4 1 1
5418.7 -5061.9 -11.2 91 0 41.0 53.1 12.5 0.0 0 1 5 1 1
5489.0 -5133.9 -10.0 91 0 9.2 14.9 5.0 2.5 2 1 2 3 3
5221.3 -5028.9 -11.6 181 0 34.5 101.3 12.5 0.0 0 1 5 4 4
5480.5 -5133.7 -10.2 91 0 7.3 28.4 5.0 2.5 2 1 2 5 5
-6283.9 -8778.8 -3.3 255 0 18.3 12.1 7.5 2.5 2 0 3 1 1
-6502.9 -8721.5 -7.5 255 0 12.5 18.6 7.5 2.5 2 0 3 4 4
-6468.6 -8756.9 -7.1 75 0 12.5 18.6 7.5 2.5 2 0 3 4 4
-6553.7 -8779.1 -9.6 75 0 12.5 18.6 5.0 2.5 2 0 2 5 5
-6264.4 -8817.4 -3.8 345 0 12.1 18.3 7.5 2.5 2 0 3 2 2
-6527.2 -8727.9 -8.1 255 0 12.5 18.6 5.0 2.5 2 0 2 0 0
-6598.5 -8781.1 -9.5 165 0 18.6 12.6 2.5 2.5 2 0 1 3 3
-6505.1 -8766.4 -8.1 75 0 12.5 18.6 7.5 2.5 2 0 3 5 5
-6311.9 -8804.8 -4.2 165 0 12.1 18.3 5.0 2.5 2 0 2 0 0
-6478.6 -8715.2 -7.2 255 0 12.5 18.6 5.0 2.5 2 0 2 3 3
-6563.7 -8737.4 -9.2 255 0 12.5 18.6 7.5 2.5 2 0 3 0 0
-6529.4 -8772.7 -8.9 75 0 12.5 18.6 5.0 2.5 2 0 2 3 3
-6565.8 -8782.2 -9.6 75 0 12.5 18.6 7.5 2.5 2 0 3 0 0
-6270.5 -8794.0 -3.4 345 0 12.1 18.3 2.5 2.5 2 0 1 2 2
-6515.1 -8724.7 -7.8 255 0 12.5 18.6 7.5 2.5 2 0 3 4 4
-6480.8 -8760.1 -7.4 75 0 12.5 18.6 7.5 2.5 2 0 3 3 3
-6268.7 -8837.2 -4.0 75 0 18.4 12.1 7.5 2.5 2 0 3 4 4
-6539.4 -8731.0 -8.5 255 0 12.5 18.6 5.0 2.5 2 0 2 3 3
-6575.8 -8740.5 -9.6 255 0 12.5 18.6 2.5 2.5 2 0 1 5 5
-6308.9 -8816.5 -4.3 165 0 12.1 18.3 7.5 2.5 2 0 3 5 5
-6292.5 -8843.4 -4.7 75 0 18.4 12.1 2.5 2.5 2 0 1 3 3
-6490.8 -8718.4 -7.4 255 0 12.5 18.6 10.0 2.5 2 0 4 2 2
-6541.5 -8775.9 -9.2 75 0 12.5 18.6 10.0 2.5 2 0 4 0 0
-6578.0 -8785.4 -9.7 75 0 12.5 18.6 7.5 2.5 2 0 3 3 3
-6456.4 -8753.7 -6.7 75 0 12.6 18.6 5.0 2.5 2 0 2 0 0
-6267.4 -8805.7 -3.6 345 0 12.1 18.3 2.5 2.5 2 0 1 2 2
-6492.9 -8763.2 -7.8 75 0 12.5 18.6 5.0 2.5 2 0 2 1 1
-6551.5 -8734.2 -8.8 255 0 12.5 18.6 5.0 2.5 2 0 2 4 4
-6517.2 -8769.6 -8.5 75 0 12.5 18.6 7.5 2.5 2 0 3 3 3
-6603.9 -8757.4 -9.7 165 0 18.6 12.6 7.5 2.5 2 0 3 5 5
-6307.6 -8785.0 -4.0 255 0 18.3 12.1 7.5 2.5 2 0 3 2 2
-6588.0 -8743.7 -9.6 255 0 12.5 18.6 5.0 2.5 2 0 2 0 0
-6466.5 -8712.1 -7.1 255 0 12.5 18.6 10.0 2.5 2 0 4 3 3
-6305.9 -8828.2 -4.5 165 0 12.1 18.3 2.5 2.5 2 0 1 0 0
4384.9 -5887.4 -9.9 270 0 45.4 76.2 12.5 0.0 0 1 5 1 1
4671.8 -5769.1 -8.3 181 0 57.8 58.3 10.0 0.0 0 0 4 3 3
4671.0 -5826.9 -7.1 181 0 57.8 58.3 15.0 0.0 0 0 6 4 4
4632.2 -5766.4 -6.5 1 0 52.1 77.1 10.0 0.0 0 1 4 3 3
4591.8 -5854.6 -6.0 91 0 77.3 50.7 7.5 0.0 0 0 3 4 4
4647.6 -5329.8 -15.8 270 0 27.7 64.8 15.0 0.0 0 1 6 0 0
4576.0 -5339.8 -14.7 271 0 23.2 115.3 10.0 0.0 0 1 4 3 3
4578.9 -5894.8 -8.4 271 0 19.4 94.8 12.5 0.0 0 1 5 2 2
5368.0 -5405.7 -7.5 91 0 24.0 73.0 10.0 0.0 0 1 4 5 5
5371.5 -5130.0 -8.7 271 0 24.3 122.0 12.5 0.0 0 1 5 2 2
5161.6 -5369.0 -10.3 180 0 46.0 30.4 7.5 0.0 0 0 3 1 1
4575.2 -5636.5 -9.6 91 0 30.8 77.2 10.0 0.0 0 1 4 2 2
4174.3 -5837.1 -11.2 91 0 222.4 36.2 15.0 0.0 0 0 6 1 1
4578.8 -5095.5 -13.9 271 0 42.7 60.8 12.5 0.0 0 1 5 0 0
4599.1 -5209.1 -16.9 1 0 87.5 42.2 12.5 0.0 0 0 5 4 4
4324.6 -4687.1 -14.1 181 0 47.7 146.6 10.0 0.0 0 1 4 5 5
4324.1 -4753.7 -8.9 181 0 48.6 118.5 10.0 0.0 0 1 4 0 0
4156.7 -4684.3 -14.9 181 0 47.1 110.4 10.0 0.0 0 1 4 4 4
4463.5 -5788.8 -5.1 90 0 11.8 57.5 12.5 2.5 2 1 5 4 4
4420.2 -5639.8 -8.2 91 0 101.4 81.9 10.0 0.0 0 0 4 1 1
4291.5 -5564.6 -6.5 1 0 37.8 105.3 10.0 0.0 0 1 4 2 2
4288.5 -5628.5 -5.3 1 0 49.1 97.7 10.0 0.0 0 1 4 2 2
4287.7 -5689.8 -5.0 1 0 47.6 98.4 10.0 0.0 0 1 4 5 5
4136.9 -5470.2 -6.9 271 0 34.9 113.0 17.5 0.0 0 1 7 5 5
4093.2 -5479.8 -6.4 271 0 33.8 103.1 10.0 0.0 0 1 4 1 1
4121.2 -5648.8 -4.5 91 0 95.9 52.2 12.5 0.0 0 0 5 1 1
3876.0 -5579.4 -2.7 0 0 6.8 19.2 7.5 2.5 2 1 3 0 0
3665.4 -5537.1 -4.1 91 0 44.6 99.9 10.0 0.0 0 1 4 1 1
3722.3 -5615.2 -7.4 180 0 55.0 28.4 17.5 0.0 0 0 7 2 2
3867.2 -5618.4 -6.2 0 0 48.6 79.3 10.0 0.0 0 1 4 1 1
3873.2 -5433.6 -6.4 2 0 86.5 46.8 7.5 0.0 0 0 3 1 1
3749.8 -5015.0 -12.6 1 0 46.3 69.1 12.5 0.0 0 1 5 4 4
3603.4 -5013.6 -12.6 180 0 47.0 67.1 5.0 0.0 0 1 2 1 1
3760.5 -4947.2 -11.4 1 0 48.3 80.3 10.0 0.0 0 1 4 5 5
-1135.4 -2204.6 -9.2 267 0 45.0 34.0 10.0 0.0 0 0 4 0 0
-1079.8 -2204.5 -10.4 268 0 44.7 32.4 12.5 0.0 0 0 5 1 1
-1053.4 -2260.0 -10.5 359 0 21.7 61.6 12.5 2.5 2 1 5 5 5
-6455.9 -4082.8 -5.4 76 0 11.9 24.9 10.0 2.5 2 1 4 3 3
-2565.8 -3107.4 -2.8 80 0 13.2 17.5 10.0 2.5 2 1 4 3 3
-2097.2 -3096.4 -6.1 358 0 26.3 10.0 10.0 2.5 2 0 4 4 4
-5866.1 -8686.0 -8.2 91 0 19.9 13.3 7.5 2.5 2 0 3 4 4
-6062.8 -8800.7 -5.7 165 0 15.3 16.6 12.5 2.5 2 1 5 3 3
-4469.4 -10954.0 -7.4 204 0 42.0 10.8 10.0 2.5 2 0 4 5 5
-6330.4 -9584.3 -8.1 91 0 11.8 18.5 14.0 3.5 2 1 4 4 4
-6334.4 -11700.2 -9.5 180 0 7.9 24.0 5.0 2.5 2 1 2 5 5
-5643.4 -10704.1 0.4 202 0 9.9 5.2 7.5 2.5 2 0 3 5 5
-6318.6 -9779.9 -8.6 94 0 11.2 22.9 10.5 3.5 2 1 3 4 4
953.0 -3263.1 12.2 180 0 15.2 37.8 10.0 2.5 2 1 4 2 2
-5972.8 -8995.5 -8.7 219 0 8.6 16.6 2.5 2.5 2 1 1 5 5
-6779.5 -9206.1 -10.5 259 0 8.7 15.0 5.0 2.5 2 1 2 2 2
-6050.1 -8822.8 -5.3 166 0 12.6 13.1 5.0 2.5 2 1 2 1 1
-6594.8 -9467.9 -11.2 105 0 21.7 20.7 14.0 3.5 2 0 4 3 3
-6333.3 -9479.9 -9.4 12 0 11.9 17.3 5.0 2.5 2 1 2 0 0
-4556.5 -9345.3 -5.7 165 0 25.1 17.6 10.0 2.5 2 0 4 3 3
-5648.3 -9905.3 -7.1 251 0 19.7 19.5 10.0 2.5 2 0 4 3 3
-5186.5 -10722.4 -9.5 194 0 11.6 17.7 7.5 2.5 4 1 3 5 5
-5328.4 -10176.5 -5.7 355 0 22.2 14.5 7.5 2.5 2 0 3 2 2
-5197.7 -10119.7 -3.0 89 0 14.3 11.0 5.0 2.5 4 0 2 2 2
-4985.0 -10108.2 -2.7 84 0 13.2 17.7 5.0 2.5 2 1 2 4 4
-6909.6 -10072.8 -6.2 255 0 24.1 32.1 14.0 0.0 0 1 4 0 0
-6528.5 -9657.2 -10.3 265 0 8.0 11.3 10.5 3.5 2 1 3 2 2
-4400.9 -9230.1 -5.9 69 0 15.6 13.1 10.0 2.5 2 0 4 4 4
-5509.5 -10165.5 -7.8 87 0 8.7 19.5 7.5 2.5 2 1 3 0 0
-4270.5 -11521.0 -8.9 92 0 6.3 14.8 2.5 2.5 2 1 1 2 2
-6403.5 -11146.4 -9.2 278 0 17.9 14.4 14.0 3.5 4 0 4 3 3
-6912.8 -9306.1 -11.7 86 0 13.8 33.7 10.5 0.0 0 1 3 3 3
-6071.5 -9082.6 -9.4 311 0 30.3 19.3 10.0 2.5 2 0 4 0 0
-6017.1 -8836.3 -5.7 345 0 21.9 31.4 10.0 0.0 0 1 4 0 0
