-3250.0 -7538.9 -7.7 270 0 177.4 77.2 12.5 0.0 0 0 5 0 0
-3319.1 -7288.8 -6.6 179 0 32.0 33.1 5.0 0.0 0 1 2 0 0
-3160.7 -7645.5 -8.1 360 0 24.4 176.6 12.5 0.0 0 1 5 3 3
-3334.1 -7443.9 -7.0 1 0 111.2 13.7 10.0 2.5 2 0 4 1 1
-3140.1 -7697.3 -7.2 180 0 11.9 46.0 7.5 2.5 2 1 3 1 1
-4700.3 -6379.0 -4.3 271 0 17.6 14.2 7.5 2.5 2 0 3 5 5
-4095.2 -6796.9 -9.0 0 0 50.2 104.3 7.5 0.0 0 1 3 4 4
-4682.7 -6374.6 -4.5 270 0 11.2 17.7 10.0 2.5 2 1 4 3 3
-4206.1 -6155.2 -10.0 90 0 36.4 30.5 7.5 0.0 0 0 3 0 0
-4309.5 -7113.2 -9.5 180 0 60.2 73.6 7.5 0.0 0 1 3 4 4
-4108.8 -7379.3 -8.5 90 0 19.9 41.4 10.0 2.5 2 1 4 1 1
-4190.7 -7378.9 -8.5 90 0 19.9 41.4 10.0 2.5 2 1 4 0 0
-4274.3 -6136.5 -9.6 180 0 29.6 30.2 7.5 0.0 0 1 3 3 3
-3614.8 -5932.8 -7.4 0 0 15.2 61.0 7.5 2.5 2 1 3 1 1
-5011.5 -6173.0 -2.4 90 0 38.3 55.8 10.0 0.0 0 1 4 3 3
-4645.9 -7038.4 -6.7 0 0 55.6 48.9 12.5 0.0 0 0 5 5 5
-5444.2 -6116.8 -3.9 180 0 17.8 27.2 7.5 2.5 2 0 3 4 4
-4454.5 -7083.7 -7.9 0 0 90.1 117.3 12.5 0.0 0 1 5 4 4
-5365.2 -6222.1 -4.3 270 0 36.0 41.9 10.0 0.0 0 1 4 4 4
-4646.2 -7109.6 -6.9 0 0 72.9 48.6 7.5 0.0 0 0 3 2 2
-4920.8 -6364.5 -3.4 180 0 33.6 81.6 15.0 0.0 0 1 6 3 3
-4136.1 -7378.6 -9.1 90 0 19.9 41.4 10.0 2.5 2 1 4 4 4
-5406.9 -6170.8 -4.0 90 0 20.9 62.6 7.5 2.5 2 0 3 5 5
-3385.9 -6076.8 -6.0 90 0 25.3 125.4 7.5 0.0 0 1 3 4 4
-4543.0 -6399.5 -6.2 359 0 31.9 31.7 7.5 0.0 0 0 3 3 3
-5365.7 -6332.6 -4.6 90 0 38.4 43.8 10.0 0.0 0 1 4 4 4
-4752.8 -7048.9 -6.4 0 0 31.2 32.4 7.5 0.0 0 1 3 3 3
-4163.1 -7378.6 -9.0 90 0 19.9 41.4 10.0 2.5 4 1 4 1 1
-4912.4 -6024.0 -1.9 0 0 41.8 67.4 7.5 0.0 0 1 3 5 5
-4229.2 -7357.9 -8.6 180 0 41.4 19.9 7.5 2.5 2 0 3 3 3
-4105.0 -6664.1 -8.8 90 0 18.4 32.2 12.5 2.5 4 1 5 3 3
-5135.1 -5875.0 -2.3 270 0 80.2 163.9 5.0 0.0 0 1 2 2 2
-3891.9 -6420.9 -10.9 91 0 31.1 75.6 7.5 0.0 0 1 3 1 1
-4577.2 -6471.8 -6.0 180 0 30.2 16.5 7.5 0.0 0 0 3 5 5
-3352.7 -6103.8 -5.8 91 0 26.3 153.6 7.5 0.0 0 1 3 2 2
-5118.0 -6175.5 -2.9 91 0 34.7 72.8 10.0 0.0 0 1 4 4 4
-3960.6 -6416.2 -10.4 90 0 34.4 77.3 10.0 0.0 0 1 4 3 3
-4563.7 -6159.5 -6.0 90 0 40.5 116.6 10.0 0.0 0 1 4 5 5
-4484.8 -6012.8 -6.5 360 0 48.0 50.6 7.5 0.0 0 1 3 1 1
6766.3 6796.4 -6.0 342 0 10.3 10.1 10.5 3.5 2 0 3 2 2
-3530.9 6155.8 2.3 178 0 41.0 17.6 14.0 0.0 0 0 4 3 3
-3531.7 6223.8 1.8 179 0 40.8 16.5 14.0 3.5 2 0 4 0 0
-3765.2 5973.8 1.4 90 0 22.0 132.5 14.0 0.0 0 1 4 5 5
-3530.9 6112.7 2.6 178 0 41.0 17.3 14.0 3.5 2 0 4 2 2
-3640.7 6244.2 0.8 270 0 90.7 22.1 14.0 0.0 0 0 4 1 1
-3521.4 6068.4 2.6 88 0 17.0 16.4 14.0 0.0 0 0 4 2 2
-3531.1 6190.3 2.1 180 0 20.6 16.9 14.0 3.5 4 0 4 2 2
-3681.4 6077.6 1.6 90 0 25.0 67.5 10.5 0.0 0 1 3 2 2
-3870.5 6650.9 -0.3 195 0 21.0 18.4 10.5 3.5 2 0 3 4 4
-3521.3 6712.0 -7.5 183 0 13.0 25.9 14.0 3.5 2 0 4 0 0
-3103.4 6605.7 -5.8 270 0 16.8 31.1 10.0 2.5 2 0 4 1 1
-4002.9 6256.2 -1.7 0 0 12.5 36.1 12.5 2.5 2 1 5 1 1
-3927.9 6492.6 -3.0 16 0 43.4 12.5 14.0 3.5 2 0 4 1 1
-4043.2 6288.1 -2.0 178 0 10.3 12.0 5.0 0.0 0 1 2 3 3
-4621.9 -6443.3 -5.4 269 0 21.1 59.7 7.5 2.5 2 1 3 5 5
-5103.8 -6075.5 -2.3 89 0 15.8 25.6 10.0 2.5 2 1 4 1 1
-5117.1 -6068.7 -2.6 360 0 47.8 51.5 10.0 0.0 0 1 4 5 5
-5081.7 -6070.7 -2.2 179 0 18.7 37.2 7.5 0.0 0 1 3 1 1
-5044.2 -5876.1 -1.9 269 0 82.3 156.9 7.5 0.0 0 1 3 0 0
2294.2 -9489.7 -11.3 92 0 12.5 29.0 12.5 2.5 2 1 5 3 3
2326.7 -9638.9 -11.9 97 0 10.4 21.2 10.0 2.5 2 1 4 3 3
2185.4 -9836.6 -13.2 137 0 22.6 34.9 10.0 0.0 0 1 4 2 2
2360.2 -9748.6 -14.0 270 0 25.2 143.8 12.5 0.0 0 1 5 4 4
2325.8 -9892.4 -14.2 90 0 22.5 144.3 12.5 0.0 0 1 5 3 3
2291.2 -9890.8 -14.0 90 0 23.6 142.2 10.0 0.0 0 1 4 3 3
2257.2 -9738.0 -13.8 270 0 20.4 155.9 10.0 0.0 0 1 4 0 0
-6147.7 -11224.9 -15.2 181 0 26.0 74.4 7.5 0.0 0 1 3 1 1
2650.0 -5380.5 -3.0 272 0 50.2 28.8 10.0 0.0 0 0 4 3 3
4765.5 -3881.4 -5.2 88 0 11.5 23.5 5.0 2.5 2 1 2 3 3
5589.5 -4530.9 -4.5 73 0 11.4 13.1 14.0 3.5 2 1 4 4 4
6662.6 -4404.4 -5.8 264 0 19.2 39.4 14.0 0.0 0 1 4 5 5
5206.4 -3860.1 -2.7 89 0 16.0 31.9 7.5 2.5 2 1 3 0 0
5620.8 -4527.4 -4.6 70 0 17.2 26.9 14.0 3.5 2 1 4 4 4
5754.5 -4190.0 -4.9 243 0 17.3 21.9 10.0 2.5 2 1 4 3 3
5837.8 -3918.3 -4.4 243 0 11.8 21.0 10.0 2.5 2 1 4 3 3
4295.9 -3909.8 -4.0 91 0 16.0 40.0 10.0 2.5 2 1 4 0 0
