1662.6 4516.3 -45.9 65 0 8.2 14.7 5.0 2.5 2 1 2 4 4
1587.2 4457.2 -47.0 144 0 9.0 8.5 5.0 0.0 0 0 2 1 1
1637.9 4459.0 -46.2 320 0 5.0 7.1 5.0 2.5 2 1 2 4 4
1643.9 4439.1 -45.9 311 0 4.6 14.1 7.5 0.0 0 1 3 4 4
1615.7 4449.0 -46.7 45 0 15.5 7.5 2.5 2.5 2 0 1 1 1
1624.0 4445.3 -46.6 46 0 21.0 7.4 2.5 0.0 0 0 1 1 1
1621.6 4419.3 -46.2 224 0 6.0 6.7 7.5 2.5 2 1 3 2 2
1624.5 4465.1 -46.5 307 0 7.5 9.5 5.0 2.5 2 0 2 4 4
1620.0 4471.8 -46.6 319 0 7.1 10.0 7.5 2.5 2 1 3 3 3
1602.8 4423.9 -46.9 44 0 18.2 12.2 5.0 2.5 2 0 2 0 0
1632.9 4414.9 -46.0 244 0 15.8 22.8 12.5 2.5 2 1 5 5 5
5250.0 -740.5 -42.5 3 0 26.7 129.2 7.5 0.0 0 1 3 1 1
5081.0 -687.2 -42.9 184 0 28.8 161.3 10.0 0.0 0 1 4 5 5
5103.7 -2325.9 -50.5 45 0 57.1 35.8 17.5 0.0 0 0 5 4 4
5148.2 -1202.7 -44.1 87 0 16.4 21.0 17.5 3.5 2 1 5 3 3
5259.8 -1126.8 -44.1 176 0 22.1 22.5 17.5 3.5 2 1 5 0 0
5121.2 -112.2 -35.1 281 0 19.4 14.9 14.0 3.5 2 0 4 4 4
5344.3 -1185.9 -44.3 355 0 13.0 22.6 17.5 3.5 2 1 5 3 3
5105.1 -127.2 -36.0 14 0 13.7 20.3 14.0 3.5 2 1 4 0 0
3134.7 -1022.9 -53.1 201 0 17.5 18.9 10.5 3.5 2 1 3 3 3
3228.5 -1054.8 -53.1 22 0 17.8 18.7 10.5 3.5 2 1 3 1 1
3178.4 -1046.7 -53.1 110 0 18.2 17.6 10.5 3.5 4 0 3 4 4
3014.6 -1001.8 -53.6 111 0 16.7 10.8 14.0 3.5 2 0 4 3 3
3417.2 -1766.4 -53.5 315 0 7.1 25.9 10.5 3.5 4 1 3 3 3
3364.4 -1801.9 -53.9 135 0 7.1 25.9 10.5 3.5 2 1 3 4 4
3391.6 -1792.1 -53.9 315 0 7.1 25.9 10.5 3.5 2 1 3 0 0
3348.7 -1836.5 -54.1 135 0 7.1 25.9 10.5 3.5 4 1 3 4 4
3456.2 -1855.8 -53.5 315 0 7.0 25.9 10.5 3.5 4 1 3 3 3
3449.2 -1773.0 -54.0 224 0 6.2 36.8 10.5 0.0 0 1 3 5 5
3456.8 -1765.5 -54.1 224 0 6.2 36.8 10.5 0.0 0 1 3 2 2
3426.1 -1784.4 -53.6 225 0 6.1 44.4 10.5 3.5 4 1 3 5 5
3417.3 -1792.1 -53.5 225 0 6.1 44.4 10.5 3.5 2 1 3 0 0
3366.2 -1843.0 -54.1 225 0 6.1 44.4 10.5 3.5 2 1 3 3 3
3375.0 -1835.4 -54.0 225 0 6.1 44.4 10.5 3.5 4 1 3 2 2
3322.5 -1836.3 -54.5 224 0 6.2 36.8 10.5 3.5 2 1 3 0 0
3315.0 -1843.7 -54.7 224 0 6.2 36.8 10.5 3.5 2 1 3 5 5
3354.5 -1867.5 -54.2 224 0 6.2 36.8 10.5 3.5 2 1 3 1 1
3347.0 -1875.0 -54.4 224 0 6.2 36.8 10.5 0.0 0 1 3 4 4
3413.8 -1925.2 -54.0 224 0 6.2 36.8 10.5 0.0 0 1 3 0 0
3406.2 -1932.7 -54.0 224 0 6.2 36.8 10.5 0.0 0 1 3 0 0
3438.8 -1964.7 -54.0 224 0 6.2 36.8 10.5 3.5 2 1 3 3 3
3446.3 -1957.2 -53.9 224 0 6.2 36.8 10.5 3.5 2 1 3 2 2
3483.1 -1856.7 -53.7 225 0 6.1 44.4 10.5 3.5 2 1 3 5 5
3490.9 -1848.1 -53.9 225 0 6.1 44.4 10.5 0.0 0 1 3 0 0
3431.4 -1908.9 -53.8 225 0 6.1 44.4 10.5 3.5 2 1 3 4 4
3441.0 -1899.8 -53.7 225 0 6.1 44.4 10.5 3.5 2 1 3 0 0
3538.9 -1885.4 -54.0 315 0 7.0 25.9 10.5 3.5 2 1 3 0 0
3547.9 -1894.5 -54.0 315 0 7.1 25.9 10.5 3.5 2 1 3 3 3
-118.6 6403.5 -54.1 306 0 5.0 7.6 7.5 2.5 4 1 3 0 0
-107.9 6399.3 -54.1 279 0 7.4 8.1 5.0 2.5 2 1 2 2 2
-47.3 6645.5 -53.8 126 0 12.7 12.3 10.0 2.5 4 0 4 3 3
-64.5 6673.7 -53.7 306 0 11.7 11.3 5.0 2.5 2 0 2 1 1
-126.9 6679.7 -53.5 126 0 12.4 11.9 5.0 2.5 2 0 2 1 1
-159.5 6635.1 -53.5 306 0 12.4 12.6 5.0 2.5 2 1 2 5 5
-123.7 6502.7 -53.8 125 0 11.6 11.0 5.0 2.5 2 0 2 5 5
-138.1 6435.8 -53.9 262 0 8.4 8.8 2.5 2.5 2 1 1 5 5
-130.8 6421.6 -53.9 335 0 5.5 9.9 7.5 2.5 4 1 3 3 3
-127.3 6412.8 -54.0 317 0 6.6 8.0 2.5 2.5 4 1 1 2 2
-95.3 6373.2 -54.3 35 0 7.1 8.7 7.5 2.5 2 1 3 3 3
-106.9 6361.6 -54.3 125 0 8.4 7.8 7.5 0.0 0 0 3 3 3
-141.1 6378.8 -54.1 126 0 11.7 9.9 2.5 2.5 2 0 1 3 3
-162.5 6397.1 -54.0 125 0 8.1 11.4 7.5 2.5 2 1 3 3 3
-154.2 6386.5 -54.1 126 0 13.8 16.7 7.5 2.5 4 1 3 0 0
3922.5 -7585.8 -62.1 10 0 10.5 14.1 5.0 0.0 0 1 2 5 5
1625.1 2329.2 -51.0 13 0 18.1 13.4 10.0 0.0 0 0 4 5 5
1633.6 2335.2 -50.8 102 0 12.7 14.6 7.5 0.0 0 1 3 4 4
1338.1 3485.5 -53.2 112 0 22.2 10.0 10.0 2.5 2 0 4 1 1
1325.6 3507.6 -53.2 202 0 7.6 10.1 5.0 2.5 2 1 2 5 5
1363.0 3491.4 -53.0 23 0 7.4 9.7 2.5 2.5 4 1 1 2 2
1326.5 3520.3 -53.2 200 0 7.3 9.6 5.0 2.5 2 1 2 0 0
1452.8 3545.8 -52.6 117 0 10.2 10.2 5.0 2.5 4 1 2 1 1
4151.8 8080.5 60.4 108 0 5.1 17.0 5.0 2.5 2 1 2 4 4
564.8 2412.6 -55.8 281 0 7.0 11.2 7.5 2.5 4 1 3 3 3
1042.0 2865.0 -53.9 116 0 14.8 18.2 10.0 2.5 2 1 4 4 4
1059.6 2856.5 -53.8 114 0 14.3 17.8 7.5 2.5 2 1 3 1 1
1005.8 2890.1 -54.2 118 0 16.6 11.0 10.0 2.5 2 0 4 5 5
2991.9 2399.7 -45.0 140 0 30.5 18.6 7.5 2.5 4 0 3 1 1
970.7 3240.8 -55.0 35 0 17.2 43.2 15.0 2.5 2 0 6 0 0
940.4 3236.4 -54.9 121 0 11.5 11.8 5.0 2.5 2 0 2 0 0
1515.9 2275.4 -51.3 320 0 17.2 10.3 7.5 2.5 2 0 3 2 2
1628.8 2312.6 -50.8 279 0 16.3 13.8 7.5 0.0 0 0 3 3 3
5040.3 -806.9 -43.5 2 0 9.7 33.9 10.5 3.5 4 1 3 5 5
5038.1 -881.5 -43.9 107 0 34.9 8.9 10.5 3.5 2 0 3 5 5
1471.1 3604.1 -51.9 322 0 11.2 10.4 5.0 2.5 2 0 2 4 4
49.8 6179.4 -55.9 121 0 8.8 5.5 5.0 2.5 2 0 2 3 3
63.9 6196.4 -55.8 29 0 5.3 8.5 5.0 2.5 2 1 2 4 4
101.2 6309.0 -55.2 15 0 4.9 8.7 2.5 2.5 2 1 1 3 3
48.6 6350.2 -54.9 207 0 6.2 7.1 5.0 2.5 2 1 2 1 1
22.8 6241.8 -55.4 129 0 5.3 6.6 5.0 2.5 2 1 2 1 1
38.4 6774.8 -53.9 194 0 18.7 29.6 10.0 2.5 2 1 4 3 3
78.9 6364.3 -55.0 200 0 5.8 22.0 7.5 2.5 2 1 3 2 2
-245.6 6388.7 -50.7 193 0 24.3 34.2 7.5 0.0 0 1 3 1 1
41.1 6340.4 -54.9 210 0 5.3 7.7 5.0 2.5 2 1 2 2 2
1414.8 4535.1 -48.2 281 0 7.0 12.0 7.5 0.0 0 1 3 1 1
1344.9 4482.9 -44.1 104 0 10.1 9.5 2.5 2.5 2 0 1 5 5
1350.8 4498.8 -45.1 189 0 13.7 14.2 10.0 2.5 2 1 4 0 0
1379.9 4521.3 -46.8 183 0 5.6 5.3 5.0 2.5 2 0 2 0 0
1395.3 4563.2 -49.2 279 0 9.5 5.9 5.0 2.5 2 0 2 5 5
1371.9 4565.2 -48.8 184 0 5.2 6.1 7.5 2.5 2 1 3 3 3
864.7 4317.1 -54.4 118 0 4.9 13.3 7.5 2.5 2 1 3 4 4
851.4 4323.6 -54.5 114 0 3.7 14.3 2.5 2.5 2 0 1 0 0
844.4 4326.9 -54.5 121 0 8.6 14.7 5.0 2.5 2 0 2 1 1
836.8 4331.5 -54.6 121 0 9.2 14.7 7.5 2.5 2 0 3 1 1
811.3 4284.0 -55.1 11 0 19.1 13.2 7.5 2.5 2 0 3 0 0
872.7 4277.6 -54.7 25 0 10.1 38.0 12.5 2.5 2 1 5 0 0
899.9 4293.0 -54.4 296 0 6.8 18.4 2.5 2.5 2 0 1 4 4
894.5 4295.7 -54.4 297 0 5.4 18.4 5.0 2.5 2 0 2 0 0
938.5 4272.6 -54.2 298 0 7.9 13.6 5.0 2.5 2 1 2 3 3
954.9 4265.5 -54.1 294 0 8.1 15.9 7.5 2.5 2 0 3 4 4
943.1 4190.6 -54.4 120 0 14.1 11.8 5.0 2.5 4 0 2 5 5
954.2 4248.0 -54.2 300 0 7.6 17.0 5.0 0.0 0 1 2 5 5
960.7 4228.4 -54.3 298 0 12.4 18.3 2.5 2.5 4 1 1 0 0
969.7 4221.3 -54.2 300 0 7.1 16.9 5.0 2.5 2 1 2 1 1
985.6 4203.9 -54.1 25 0 4.1 18.0 5.0 2.5 2 1 2 5 5
1001.5 4205.2 -54.0 25 0 5.4 14.5 5.0 2.5 2 1 2 0 0
987.4 4266.7 -53.8 126 0 6.2 12.6 2.5 2.5 4 1 1 3 3
1010.9 4291.8 -53.6 5 0 10.0 16.2 7.5 2.5 2 1 3 3 3
1024.9 4253.5 -53.6 38 0 13.6 8.9 7.5 2.5 2 0 3 1 1
1188.4 4441.2 -43.7 117 0 8.5 33.0 7.5 0.0 0 1 3 4 4
1161.2 4462.7 -44.0 25 0 6.8 8.7 7.5 0.0 0 1 3 1 1
1139.3 4513.9 -46.9 296 0 7.9 11.3 5.0 2.5 2 1 2 0 0
1108.0 4465.4 -46.0 32 0 14.2 12.5 7.5 2.5 2 0 3 1 1
1091.8 4494.4 -46.3 206 0 8.7 6.3 7.5 0.0 0 0 3 4 4
1083.8 4498.4 -47.0 206 0 9.9 7.7 7.5 2.5 4 0 3 2 2
1085.4 4339.3 -49.3 107 0 17.1 10.5 5.0 2.5 2 0 2 1 1
1097.3 4365.0 -48.4 23 0 10.9 15.2 10.0 2.5 2 1 4 5 5
1091.8 4408.0 -46.9 205 0 13.9 19.6 10.0 2.5 2 1 4 4 4
1109.9 4429.8 -44.9 207 0 7.2 8.0 7.5 2.5 2 1 3 2 2
1094.0 4426.5 -47.8 24 0 11.7 16.0 2.5 2.5 2 1 1 4 4
1069.9 4379.1 -51.4 25 0 12.0 15.1 2.5 2.5 2 1 1 4 4
1031.0 4372.3 -53.0 146 0 10.1 15.4 2.5 2.5 2 0 1 5 5
1036.8 4363.5 -53.0 147 0 11.0 17.5 10.0 2.5 2 0 4 2 2
4914.1 -2651.7 -50.8 136 0 7.1 17.1 10.5 3.5 2 1 3 1 1
4907.4 -2648.7 -50.7 137 0 5.7 18.1 10.5 3.5 2 1 3 2 2
4932.7 -2655.9 -50.9 136 0 10.3 15.8 17.5 3.5 2 0 5 1 1
4973.2 -2623.5 -50.4 47 0 7.5 11.0 10.5 3.5 4 1 3 5 5
4964.8 -2632.9 -50.6 48 0 15.4 11.5 17.5 3.5 2 0 5 4 4
4927.5 -2629.2 -50.7 229 0 12.4 16.5 17.5 3.5 2 1 5 1 1
4936.5 -2620.2 -50.6 222 0 12.1 16.0 17.5 3.5 4 1 5 3 3
4953.1 -2603.2 -50.3 225 0 13.4 16.4 17.5 3.5 4 1 5 2 2
4983.5 -2583.4 -50.3 313 0 17.0 17.0 17.5 3.5 2 0 5 2 2
4995.2 -2605.4 -50.5 45 0 11.0 13.2 17.5 3.5 2 0 5 0 0
4988.3 -2614.4 -50.6 44 0 11.9 14.7 17.5 3.5 2 0 5 4 4
4949.2 -2552.5 -49.9 315 0 12.4 42.3 21.0 0.0 0 0 6 4 4
4904.3 -2570.8 -50.0 225 0 13.9 24.4 21.0 0.0 0 1 6 5 5
4890.9 -2588.2 -50.2 226 0 18.8 21.5 21.0 0.0 0 1 6 1 1
4870.8 -2601.2 -50.4 226 0 8.6 27.9 10.5 0.0 0 0 3 5 5
4899.8 -2634.6 -50.6 46 0 11.0 15.0 21.0 0.0 0 1 6 5 5
4907.9 -2626.4 -50.5 47 0 12.1 16.3 21.0 0.0 0 0 6 3 3
4917.8 -2616.4 -50.3 42 0 10.8 15.2 21.0 0.0 0 1 6 4 4
4925.7 -2608.9 -50.2 45 0 10.9 15.3 21.0 0.0 0 1 6 3 3
4934.9 -2599.9 -50.1 46 0 12.2 15.4 21.0 0.0 0 0 6 0 0
4943.3 -2591.7 -50.1 45 0 12.3 15.4 21.0 0.0 0 0 6 2 2
4952.0 -2583.1 -49.9 46 0 12.7 15.4 21.0 0.0 0 0 6 5 5
4957.6 -2560.9 -49.4 315 0 10.6 12.4 21.0 0.0 0 0 6 5 5
4027.7 -1147.1 -50.8 136 0 7.1 31.7 10.5 3.5 2 1 3 3 3
4023.3 -1140.9 -50.8 136 0 6.5 28.4 10.5 0.0 0 1 3 4 4
4011.5 -1132.6 -50.7 139 0 7.7 31.3 10.5 3.5 2 1 3 2 2
3988.5 -1105.0 -50.5 138 0 5.5 30.3 10.5 3.5 2 0 3 5 5
3997.9 -1121.7 -50.6 141 0 8.9 28.7 10.5 3.5 4 1 3 3 3
3921.1 -1205.0 -50.5 133 0 8.1 15.6 10.5 3.5 2 1 3 3 3
4011.1 -1278.8 -50.6 136 0 27.4 65.0 17.5 0.0 0 1 5 1 1
3991.2 -1257.4 -50.8 134 0 17.4 64.2 17.5 3.5 2 1 5 2 2
4023.4 -1172.5 -50.8 318 0 14.6 31.8 17.5 3.5 2 1 5 3 3
4004.5 -1151.9 -50.7 316 0 14.7 30.1 17.5 3.5 4 1 5 1 1
3968.5 -1139.4 -50.5 225 0 32.2 15.0 17.5 3.5 2 0 5 4 4
4108.5 -1613.3 -50.3 137 0 15.5 17.9 14.0 3.5 2 1 4 3 3
4123.6 -1630.1 -50.1 134 0 7.0 18.6 10.5 3.5 4 1 3 1 1
4116.8 -1624.6 -50.2 136 0 7.5 16.7 10.5 3.5 2 1 3 1 1
4128.0 -1637.3 -50.2 135 0 7.4 19.7 10.5 3.5 2 1 3 2 2
4135.3 -1642.5 -50.2 137 0 10.3 4.9 10.5 3.5 2 0 3 5 5
4149.1 -1656.9 -50.2 136 0 8.9 17.8 10.5 3.5 2 1 3 1 1
4177.9 -1626.4 -50.2 312 0 14.6 22.6 14.0 3.5 2 0 4 3 3
4160.6 -1666.6 -50.4 136 0 15.8 18.3 14.0 3.5 2 0 4 0 0
4178.8 -1751.6 -51.6 131 0 7.8 14.8 10.5 3.5 2 1 3 4 4
4224.0 -1733.0 -51.6 319 0 6.4 8.3 10.5 3.5 2 1 3 3 3
4037.0 -1720.5 -50.4 139 0 6.6 6.2 10.5 3.5 2 0 3 3 3
4049.0 -1707.4 -50.4 301 0 5.8 5.8 10.5 3.5 4 1 3 4 4
4074.2 -1739.3 -50.6 130 0 5.9 21.2 10.5 3.5 2 1 3 4 4
4079.5 -1745.5 -50.8 131 0 6.5 22.2 10.5 3.5 2 1 3 1 1
3998.1 -1628.2 -51.1 115 0 8.1 11.6 10.5 3.5 2 1 3 3 3
3970.6 -1583.4 -51.7 318 0 9.0 21.6 10.5 3.5 2 1 3 1 1
3941.2 -1565.8 -51.5 225 0 8.9 18.2 10.5 3.5 2 1 3 2 2
-1762.6 6238.2 -61.2 127 0 11.4 11.0 7.5 2.5 2 0 3 1 1
-228.7 5408.0 -56.2 134 0 22.5 15.1 7.5 2.5 2 0 3 2 2
-241.7 5821.5 -57.5 30 0 6.0 9.2 7.5 2.5 2 1 3 5 5
-245.9 5813.7 -57.6 30 0 6.0 9.2 5.0 0.0 0 1 2 0 0
-263.6 5791.1 -57.6 117 0 5.2 10.4 2.5 2.5 2 1 1 3 3
-305.5 5804.2 -58.0 117 0 5.2 10.4 2.5 2.5 2 1 1 2 2
-246.3 5609.4 -57.2 116 0 23.1 29.1 10.0 0.0 0 1 4 0 0
4049.1 1530.0 -41.4 25 0 16.6 14.4 7.5 2.5 2 0 3 4 4
4013.0 1535.7 -42.4 127 0 17.6 16.0 12.5 2.5 2 0 5 5 5
4082.2 1560.9 -42.7 38 0 17.5 31.2 15.0 0.0 0 1 6 1 1
3913.7 1643.9 -43.1 210 0 4.3 8.8 7.5 2.5 2 1 3 0 0
3909.7 1662.3 -42.3 210 0 4.3 8.8 2.5 2.5 2 1 1 2 2
3902.3 1546.2 -43.6 133 0 6.1 7.2 5.0 2.5 2 1 2 3 3
3983.3 1609.8 -43.8 32 0 10.3 22.8 5.0 2.5 2 1 2 5 5
3993.3 1625.2 -43.8 27 0 10.1 23.6 5.0 2.5 2 1 2 4 4
3983.9 1425.1 -39.7 314 0 3.7 17.4 7.5 0.0 0 1 3 4 4
3969.0 1405.6 -40.4 46 0 6.5 5.4 7.5 2.5 2 0 3 0 0
3973.0 1424.4 -41.5 316 0 10.5 45.7 10.0 2.5 2 1 4 0 0
4083.2 1157.0 -40.8 234 0 20.1 11.3 7.5 2.5 2 0 3 1 1
4032.9 1207.8 -40.2 44 0 23.2 9.7 7.5 2.5 2 0 3 4 4
4014.0 1210.1 -40.1 136 0 9.2 41.6 7.5 2.5 2 0 3 5 5
3994.9 1247.8 -39.5 134 0 14.1 20.8 10.0 2.5 4 1 4 5 5
4004.4 1348.7 -40.2 311 0 10.4 18.5 2.5 2.5 2 1 1 4 4
4010.1 1289.4 -39.5 325 0 4.2 9.7 2.5 2.5 2 1 1 1 1
3976.2 1279.8 -40.0 134 0 16.2 10.8 2.5 2.5 2 0 1 3 3
4143.3 1383.2 -39.2 22 0 5.7 7.6 5.0 2.5 2 1 2 1 1
4261.5 1343.8 -34.0 124 0 14.1 22.9 12.5 0.0 0 1 5 2 2
4319.7 1385.4 -32.0 334 0 9.2 10.7 5.0 2.5 2 1 2 2 2
4233.5 1393.6 -35.3 122 0 16.9 13.6 2.5 2.5 2 0 1 0 0
4249.9 1442.5 -35.5 204 0 11.2 17.4 5.0 2.5 2 1 2 1 1
4260.2 1509.2 -38.2 194 0 17.4 9.3 5.0 2.5 4 0 2 1 1
4284.1 1488.8 -34.8 204 0 15.0 9.1 2.5 2.5 2 0 1 5 5
4265.4 1458.3 -34.9 220 0 9.6 16.3 2.5 2.5 2 1 1 0 0
4372.6 1327.4 -39.2 10 0 16.9 8.2 7.5 2.5 2 0 3 5 5
4333.6 1324.7 -39.2 48 0 9.9 14.8 2.5 2.5 2 1 1 3 3
4353.8 1335.0 -39.2 32 0 7.6 15.8 5.0 2.5 2 1 2 1 1
4357.2 1359.4 -37.0 42 0 16.1 8.7 7.5 2.5 2 0 3 5 5
4340.2 1387.9 -33.8 306 0 17.1 10.3 5.0 2.5 2 0 2 4 4
4319.4 1409.2 -30.6 318 0 16.9 9.2 7.5 2.5 2 0 3 5 5
4374.5 1406.5 -32.2 10 0 8.4 16.3 5.0 2.5 2 1 2 1 1
4386.1 1393.1 -35.8 298 0 8.3 17.0 5.0 2.5 2 1 2 3 3
-6842.9 9296.2 -77.3 302 0 9.1 20.9 2.5 0.0 0 1 1 1 1
-2541.3 6568.4 -64.7 216 0 12.8 8.6 7.5 2.5 2 0 3 4 4
-2542.8 6543.6 -64.8 116 0 11.6 16.0 2.5 2.5 2 0 1 2 2
-2553.6 6549.0 -64.9 117 0 12.6 16.0 10.0 2.5 2 0 4 2 2
-2577.6 6565.7 -65.0 125 0 11.8 17.4 5.0 2.5 2 1 2 3 3
-2614.0 6613.4 -65.2 215 0 12.7 4.3 7.5 2.5 2 0 3 3 3
-2434.2 6561.3 -63.8 297 0 3.9 14.1 2.5 2.5 2 0 1 4 4
-2515.8 6603.5 -64.5 302 0 4.9 24.1 7.5 2.5 2 1 3 5 5
-2484.1 6594.8 -64.2 300 0 11.8 14.6 5.0 2.5 2 1 2 2 2
-2505.6 6592.6 -64.3 298 0 7.8 8.8 7.5 2.5 2 1 3 2 2
-2305.0 6851.9 -61.5 308 0 12.8 26.0 10.0 2.5 2 1 4 2 2
-2332.2 6815.3 -61.8 41 0 25.1 11.9 7.5 2.5 2 0 3 2 2
-2365.0 6785.4 -62.1 131 0 10.8 25.3 12.5 2.5 2 1 5 4 4
-2384.3 6797.4 -62.2 131 0 26.5 10.4 10.0 2.5 2 0 4 3 3
-2406.9 6818.3 -62.3 133 0 25.3 10.3 7.5 2.5 2 0 3 3 3
3415.3 1882.2 -46.1 316 0 18.0 18.9 10.0 2.5 2 1 4 0 0
3459.5 1393.4 -49.2 224 0 14.1 4.8 2.5 2.5 2 0 1 5 5
3472.7 1288.5 -48.5 53 0 3.5 13.8 2.5 2.5 2 1 1 3 3
3461.0 1282.5 -48.7 48 0 5.5 11.8 2.5 2.5 2 1 1 2 2
3496.7 1306.2 -48.2 49 0 6.5 5.7 2.5 2.5 2 0 1 1 1
3493.9 1312.0 -48.4 43 0 10.0 12.4 5.0 2.5 2 0 2 2 2
3511.7 1325.1 -48.3 44 0 5.7 16.8 5.0 2.5 4 1 2 2 2
3504.3 1370.7 -48.5 125 0 3.4 16.8 5.0 0.0 0 1 2 3 3
3533.4 1367.9 -48.1 309 0 13.7 6.4 5.0 2.5 2 0 2 0 0
3532.2 1355.0 -48.1 38 0 6.8 13.6 2.5 2.5 2 1 1 4 4
3420.0 1231.9 -48.9 36 0 4.6 12.2 7.5 0.0 0 1 3 1 1
3425.0 1238.1 -49.0 37 0 8.0 18.6 7.5 2.5 2 1 3 5 5
3378.7 1239.9 -49.4 127 0 13.1 6.8 5.0 2.5 2 0 2 1 1
3389.2 1242.9 -49.3 127 0 6.6 5.9 5.0 2.5 2 0 2 0 0
3381.7 1248.9 -49.4 127 0 8.3 9.1 7.5 2.5 2 1 3 2 2
3389.6 1261.2 -49.4 220 0 9.1 16.3 2.5 2.5 2 1 1 4 4
3408.7 1273.7 -49.3 226 0 9.0 11.9 5.0 2.5 2 1 2 4 4
3420.3 1303.8 -49.3 221 0 4.9 18.1 5.0 2.5 4 1 2 4 4
3415.9 1321.4 -49.3 220 0 5.2 11.7 5.0 2.5 2 1 2 5 5
3422.8 1310.1 -49.2 222 0 5.7 21.4 5.0 2.5 2 1 2 3 3
3484.5 1370.6 -48.9 306 0 3.4 11.8 5.0 2.5 2 1 2 2 2
3461.9 1345.2 -49.0 216 0 13.1 19.3 10.0 2.5 2 1 4 1 1
3803.4 1599.7 -44.9 312 0 4.1 9.0 2.5 2.5 2 1 1 1 1
3782.5 1616.4 -45.1 314 0 8.0 9.7 7.5 2.5 2 1 3 2 2
3837.1 1562.5 -44.8 312 0 6.7 14.4 5.0 2.5 2 1 2 1 1
3822.3 1527.9 -44.7 137 0 8.7 16.5 5.0 2.5 2 1 2 3 3
1713.4 2193.9 -50.2 1 0 30.8 12.7 7.5 2.5 2 0 3 4 4
789.0 12262.9 24.7 45 0 7.5 10.1 2.5 2.5 2 1 1 1 1
4959.3 -690.1 -44.0 103 0 51.0 25.7 14.0 0.0 0 0 4 3 3
4996.3 -632.2 -43.7 263 0 19.3 36.0 14.0 0.0 0 1 4 4 4
