1648.1 4143.0 -2.3 347 0 4.6 8.2 7.5 2.5 2 1 3 0 0
1664.7 4091.5 -2.1 74 0 6.4 15.4 7.5 2.5 2 1 3 1 1
1670.2 4123.6 -2.2 345 0 16.9 16.8 10.0 2.5 2 0 4 4 4
1665.0 4144.3 -2.4 346 0 20.3 16.2 10.0 0.0 0 0 4 5 5
1650.5 4172.1 -2.2 347 0 13.5 9.8 5.0 2.5 2 0 2 2 2
1644.8 4190.3 -2.2 347 0 22.6 11.9 7.5 2.5 2 0 3 1 1
1690.6 4161.8 -2.4 159 0 9.3 9.3 2.5 2.5 2 1 1 5 5
1691.8 4238.7 -2.3 256 0 13.6 9.8 7.5 2.5 2 0 3 3 3
1714.3 4251.5 -2.3 79 0 9.6 10.9 2.5 2.5 2 1 1 3 3
1688.2 4200.0 -2.3 168 0 12.5 15.0 7.5 2.5 2 1 3 5 5
3160.6 875.8 0.0 336 0 18.8 14.9 10.0 2.5 2 0 4 3 3
