4902.8 -2797.4 -18.5 101 0 8.6 25.9 7.5 2.5 2 1 3 0 0
5253.4 -4068.2 -16.7 106 0 12.1 20.1 2.5 2.5 2 1 1 5 5
3628.2 -3920.2 -15.7 189 0 11.3 10.4 7.5 2.5 2 0 3 5 5
3634.9 -3810.2 -16.3 273 0 7.7 8.3 5.0 2.5 2 1 2 0 0
3608.5 -3831.0 -15.3 185 0 28.0 15.2 12.5 2.5 2 0 5 5 5
6375.9 -3796.1 -23.9 206 0 6.0 13.3 2.5 0.0 0 1 1 4 4
1889.8 5465.2 -11.1 112 0 15.9 19.0 10.0 2.5 2 1 4 2 2
-2788.3 882.7 3.2 120 0 11.0 34.3 10.0 2.5 2 1 4 5 5
-3913.6 1700.2 8.6 127 0 14.3 14.1 2.5 2.5 2 0 1 2 2
-3762.8 5089.1 4.2 23 0 13.0 9.5 5.0 2.5 2 0 2 0 0
-3774.6 5060.9 4.6 21 0 15.9 10.4 2.5 2.5 2 0 1 2 2
-3771.7 5202.9 4.5 201 0 8.9 31.5 7.5 0.0 0 1 3 3 3
-4930.8 -1108.8 17.6 17 0 90.1 41.9 10.0 0.0 0 0 4 1 1
-6078.8 3857.6 14.9 143 0 7.0 15.9 7.5 0.0 0 1 3 3 3
-6067.1 3888.2 14.7 324 0 9.4 17.1 5.0 2.5 2 1 2 0 0
