1465.0 -745.5 -6.8 271 0 10.5 35.5 17.5 3.5 2 1 5 5 5
91.1 -795.5 -3.5 273 0 156.8 20.7 21.0 0.0 0 0 6 2 2
1378.0 -780.8 -6.6 91 0 49.6 67.4 17.5 0.0 0 1 5 4 4
191.7 -808.8 -1.8 273 0 24.7 43.6 21.0 0.0 0 1 6 0 0
-74.2 -809.8 -4.6 200 0 16.7 62.8 21.0 0.0 0 1 6 4 4
99.1 -905.7 -2.7 106 0 95.2 24.2 21.0 0.0 0 0 6 1 1
-2.6 -929.0 -3.2 112 0 24.8 65.4 21.0 0.0 0 1 6 0 0
64.9 -857.6 -3.1 93 0 32.4 35.4 21.0 0.0 0 1 6 1 1
16.8 -849.1 -3.6 93 0 36.5 29.1 21.0 0.0 0 0 6 5 5
109.3 -824.9 -2.6 272 0 32.0 35.0 21.0 0.0 0 1 6 3 3
150.8 -864.2 -2.1 92 0 33.6 39.3 21.0 0.0 0 1 6 3 3
1468.8 -926.0 -5.3 90 0 25.1 26.5 17.5 0.0 0 1 5 4 4
1576.4 -197.7 -6.1 4 0 94.2 14.8 17.5 3.5 2 0 5 1 1
1544.8 -298.7 -8.1 3 0 69.5 18.6 17.5 3.5 2 0 5 5 5
32.6 -2328.6 1.5 292 0 60.7 22.4 17.5 3.5 2 0 5 3 3
97.6 -1252.7 0.6 96 0 22.2 24.3 17.5 3.5 2 1 5 5 5
153.0 -1257.6 1.8 97 0 18.3 25.0 17.5 3.5 2 1 5 5 5
2323.8 1316.4 -15.5 301 0 9.1 16.6 10.5 3.5 2 0 3 3 3
2291.9 1335.4 -16.3 301 0 9.0 16.6 10.5 3.5 2 0 3 3 3
2365.5 1349.3 -16.7 302 0 9.2 15.5 10.5 3.5 2 0 3 0 0
2331.5 1311.7 -15.3 301 0 9.0 16.6 10.5 3.5 2 0 3 0 0
2259.9 1024.6 -13.6 302 0 9.3 18.6 10.5 3.5 2 0 3 2 2
2175.6 1437.1 -20.6 210 0 9.2 15.5 10.5 3.5 2 0 3 1 1
2284.1 1340.1 -16.5 301 0 9.1 16.6 10.5 3.5 2 0 3 3 3
2357.2 1318.2 -16.0 123 0 9.4 15.3 10.5 3.5 2 0 3 5 5
2276.0 1032.1 -13.0 122 0 8.9 13.9 10.5 3.5 2 0 3 1 1
2189.4 1461.0 -21.5 210 0 9.2 15.5 10.5 3.5 2 0 3 2 2
2283.5 1027.4 -13.2 122 0 8.9 13.9 10.5 3.5 2 0 3 5 5
2267.7 1019.7 -13.8 302 0 9.3 18.6 10.5 3.5 2 0 3 4 4
2291.0 1022.7 -13.4 122 0 8.8 13.9 10.5 3.5 2 0 3 2 2
2806.8 1244.1 -11.6 301 0 9.2 17.4 10.5 3.5 2 0 3 3 3
2822.4 1234.7 -11.2 301 0 9.1 17.4 10.5 3.5 2 0 3 4 4
2799.0 1248.9 -11.8 301 0 9.1 17.4 10.5 3.5 2 0 3 4 4
6826.5 5727.3 -25.0 2 0 78.2 170.7 12.5 0.0 0 1 5 2 2
6741.8 5790.1 -25.7 92 0 170.8 78.2 7.5 0.0 0 0 3 3 3
4915.9 3231.8 -18.9 0 0 14.3 20.0 10.0 0.0 0 1 4 5 5
4916.2 3195.4 -19.1 0 0 13.6 20.0 5.0 0.0 0 1 2 4 4
4789.6 3165.0 -18.2 0 0 14.3 20.0 7.5 0.0 0 1 3 2 2
4788.6 3057.0 -18.7 0 0 14.3 20.0 7.5 0.0 0 1 3 2 2
4788.1 3020.1 -18.9 0 0 13.6 20.0 10.0 0.0 0 1 4 5 5
4812.4 3003.3 -19.3 270 0 11.5 23.8 10.0 0.0 0 1 4 3 3
4857.3 2998.0 -19.8 180 0 14.4 20.0 10.0 0.0 0 1 4 2 2
4791.6 3338.2 -18.3 0 0 13.6 20.0 10.0 0.0 0 1 4 2 2
4791.9 3306.5 -18.1 0 0 14.3 20.0 10.0 0.0 0 1 4 2 2
4790.2 3089.7 -18.6 0 0 13.6 20.0 7.5 0.0 0 1 3 1 1
4852.6 3127.4 -18.9 0 0 13.6 20.0 10.0 0.0 0 1 4 0 0
4790.6 3233.3 -17.9 0 0 14.3 20.0 10.0 0.0 0 1 4 5 5
4819.1 3232.3 -18.1 0 0 14.3 20.0 10.0 0.0 0 1 4 1 1
1959.7 -1671.9 -1.8 3 0 31.2 21.2 14.0 0.0 0 0 4 2 2
1971.7 -1620.5 -1.3 185 0 12.9 23.3 14.0 3.5 2 1 4 0 0
1902.2 -1611.6 -1.7 96 0 13.4 12.7 14.0 3.5 2 0 4 5 5
2712.1 -676.7 -9.5 9 0 25.3 84.7 10.5 0.0 0 1 3 4 4
2726.4 -641.5 -9.3 8 0 25.1 124.6 10.5 0.0 0 1 3 5 5
2746.3 -601.9 -9.2 8 0 24.4 132.5 10.5 0.0 0 1 3 1 1
2619.3 -839.0 -7.8 3 0 69.2 19.0 14.0 3.5 2 0 4 1 1
2616.2 -747.7 -7.6 3 0 29.4 28.4 14.0 0.0 0 0 4 1 1
2668.0 -846.9 -7.9 273 0 72.1 29.6 14.0 0.0 0 0 4 5 5
2755.7 -866.8 -8.3 2 0 87.8 34.8 10.5 0.0 0 0 3 3 3
2776.3 -646.1 -9.0 27 0 96.0 26.3 10.5 0.0 0 0 3 2 2
2821.2 -740.2 -9.0 17 0 31.7 101.7 14.0 0.0 0 1 4 5 5
2828.0 -669.0 -9.8 0 0 24.1 49.0 14.0 3.5 2 1 4 4 4
2838.6 -688.0 -10.0 182 0 143.7 28.5 14.0 0.0 0 0 4 4 4
2874.6 -598.0 -9.9 2 0 17.9 97.6 10.5 0.0 0 1 3 4 4
2842.3 -886.1 -7.8 267 0 47.4 18.2 10.5 3.5 2 0 3 2 2
2913.8 -885.7 -8.9 267 0 70.1 16.9 10.5 3.5 2 0 3 0 0
1839.7 -2470.4 -0.6 2 0 77.1 18.4 14.0 3.5 2 0 4 1 1
1857.0 -2431.4 -0.6 272 0 12.6 79.5 14.0 3.5 2 1 4 2 2
1884.4 -2472.4 -0.7 1 0 77.9 13.4 14.0 3.5 2 0 4 1 1
1907.0 -2472.6 -1.0 1 0 78.8 13.9 10.5 3.5 4 0 3 2 2
1834.0 -2290.2 0.3 271 0 18.8 98.0 14.0 0.0 0 1 4 1 1
1866.1 -2340.0 0.3 1 0 99.2 13.7 14.0 3.5 2 0 4 2 2
1881.8 -2290.3 0.3 270 0 14.7 99.0 14.0 3.5 2 1 4 0 0
-3753.7 -998.3 -8.4 261 0 11.1 20.0 10.5 3.5 2 1 3 5 5
1783.5 -1879.8 -1.7 3 0 8.5 16.1 10.5 3.5 2 1 3 4 4
1739.6 -1813.3 -2.4 3 0 8.5 16.1 10.5 3.5 4 1 3 1 1
1752.7 -1831.8 -2.2 184 0 8.4 17.3 10.5 3.5 2 1 3 2 2
1786.7 -1825.4 -2.2 2 0 7.0 14.3 10.5 3.5 2 1 3 0 0
2213.5 -1685.6 2.8 66 0 10.1 17.6 14.0 0.0 0 1 4 0 0
2161.3 -1649.6 3.3 7 0 16.9 15.0 14.0 3.5 2 0 4 4 4
2145.2 -1673.4 4.1 97 0 9.1 14.0 10.5 3.5 2 1 3 2 2
2210.4 -1961.0 20.2 84 0 6.0 10.3 7.5 0.0 0 1 3 5 5
2075.5 -2147.9 -1.0 186 0 21.7 14.9 14.0 3.5 2 0 4 1 1
2171.1 -2148.3 -1.7 277 0 14.4 19.8 14.0 3.5 2 1 4 5 5
2233.8 -2266.3 -2.0 256 0 12.0 20.6 14.0 0.0 0 1 4 3 3
-147.6 -1262.1 -3.1 17 0 41.5 14.1 21.0 0.0 0 0 6 0 0
