-1303.3 4939.3 -10.1 83 0 17.9 8.9 7.5 2.5 2 0 3 0 0
-1236.7 4981.5 -11.5 359 0 10.1 9.4 7.5 2.5 2 0 3 1 1
-1318.9 4988.8 -11.0 291 0 7.3 11.8 5.0 2.5 2 1 2 0 0
-1381.4 5044.9 -12.1 263 0 18.8 20.1 10.0 2.5 2 1 4 2 2
-1406.9 5032.7 -11.7 262 0 32.1 12.7 7.5 0.0 0 0 3 3 3
-1375.6 4978.5 -10.5 261 0 31.2 28.9 15.0 0.0 0 0 6 2 2
-1230.1 5015.3 -12.9 357 0 53.2 8.5 7.5 2.5 2 0 3 0 0
-1283.4 4951.9 -10.7 84 0 18.0 15.4 7.5 2.5 2 0 3 1 1
-137.3 3957.2 7.4 119 0 16.2 13.7 2.5 2.5 2 0 1 4 4
-122.9 3882.2 9.6 226 0 14.7 38.5 7.5 2.5 2 1 3 5 5
