6812.2 -3975.3 1.7 257 0 10.4 22.4 2.5 2.5 2 1 1 0 0
6764.3 -4045.5 0.0 69 0 5.8 18.0 5.0 0.0 0 1 2 0 0
6699.3 -4250.8 -4.7 278 0 6.9 27.0 7.5 2.5 2 1 3 1 1
6586.1 -4051.1 -3.8 4 0 14.1 12.5 2.5 0.0 0 0 1 5 5
6540.8 -4047.8 -4.7 264 0 14.0 16.6 7.5 2.5 2 1 3 1 1
6230.3 -3887.1 -8.1 161 0 9.6 27.9 7.5 0.0 0 1 3 5 5
6070.5 -3406.5 -3.0 177 0 49.8 56.2 12.5 0.0 0 1 5 3 3
5867.7 -3469.2 -5.4 287 0 19.0 12.9 5.0 2.5 2 0 2 4 4
5869.0 -3517.3 -6.1 15 0 12.2 26.3 10.0 2.5 4 1 4 0 0
5839.2 -3889.7 -10.5 278 0 11.1 27.7 15.0 0.0 0 1 6 3 3
5796.6 -3910.9 -9.9 303 0 3.3 10.4 5.0 2.5 2 1 2 3 3
