-6279.6 -6962.8 -6.0 190 0 48.3 28.8 5.0 0.0 0 0 2 3 3
-6176.2 -7435.4 -6.4 148 0 96.7 33.4 15.0 0.0 0 0 6 4 4
-5999.8 -7428.5 -8.5 114 0 27.3 29.3 2.5 0.0 0 1 1 2 2
-6072.3 -7356.1 -7.1 2 0 54.5 35.2 2.5 0.0 0 0 1 4 4
-6175.5 -7023.2 -7.6 272 0 53.5 77.2 2.5 0.0 0 1 1 0 0
-6040.9 -7567.6 -8.2 138 0 70.8 65.6 7.5 0.0 0 0 3 5 5
-6337.9 -7047.2 -4.7 338 0 65.9 42.4 2.5 0.0 0 0 1 5 5
-6242.7 -7242.5 -6.3 339 0 34.4 35.1 2.5 0.0 0 1 1 0 0
-5756.4 -7852.6 -9.8 165 0 106.1 58.9 17.5 0.0 0 0 5 5 5
-6068.9 -7175.2 -8.8 278 0 46.7 19.9 2.5 2.5 2 0 1 4 4
-6080.3 -7253.9 -7.9 278 0 8.5 24.1 7.5 2.5 2 1 3 2 2
-5590.1 -8248.9 -9.4 340 0 42.0 42.2 10.5 0.0 0 1 3 5 5
