-1134.9 160.7 -16.7 1 0 20.3 16.3 5.0 2.5 2 0 2 2 2
-1226.8 156.7 -15.5 264 0 14.3 17.7 7.5 2.5 2 1 3 3 3
-1242.9 100.3 -14.8 354 0 34.5 16.4 5.0 2.5 2 0 2 1 1
-1218.6 47.5 -15.4 355 0 25.4 14.2 10.0 2.5 2 0 4 5 5
-1292.6 139.0 -13.5 268 0 12.8 17.1 7.5 2.5 2 1 3 3 3
-1316.9 75.6 -12.7 80 0 7.5 14.5 7.5 2.5 2 1 3 2 2
-1307.5 95.5 -13.3 186 0 14.9 12.8 2.5 2.5 2 0 1 3 3
-1187.7 -3.5 -15.9 1 0 21.3 18.8 10.0 2.5 2 0 4 0 0
-1401.9 -14.3 -10.1 10 0 18.3 24.9 7.5 2.5 2 1 3 5 5
-1470.4 -45.3 -10.6 101 0 17.6 18.5 10.0 2.5 2 1 4 0 0
-1408.2 31.1 -10.2 282 0 21.2 13.0 7.5 2.5 2 0 3 1 1
-1441.2 124.5 -9.7 99 0 9.4 15.4 5.0 2.5 2 1 2 3 3
-1451.7 233.8 -9.4 273 0 11.7 17.5 5.0 2.5 2 1 2 3 3
-1605.0 312.7 -10.2 10 0 12.7 12.4 5.0 0.0 0 0 2 3 3
-1647.8 395.3 -10.2 184 0 23.6 15.6 10.0 2.5 4 0 4 3 3
-1652.5 272.0 -10.7 96 0 6.7 6.5 7.5 2.5 2 0 3 1 1
-1736.0 337.6 -11.1 257 0 4.8 14.6 7.5 2.5 2 1 3 2 2
-1816.6 289.8 -11.9 93 0 7.7 40.9 7.5 2.5 2 1 3 4 4
-1830.8 224.0 -12.3 277 0 5.9 11.2 7.5 2.5 2 1 3 1 1
-1837.9 221.3 -12.4 359 0 15.3 10.9 2.5 2.5 2 0 1 2 2
-1820.3 183.2 -12.5 1 0 16.5 21.7 7.5 2.5 2 1 3 5 5
-1864.0 178.3 -12.7 252 0 6.7 7.3 7.5 0.0 0 1 3 2 2
-1809.9 153.8 -12.4 7 0 7.0 4.5 5.0 2.5 2 0 2 5 5
-1814.1 132.4 -12.6 4 0 4.6 8.8 5.0 2.5 2 1 2 2 2
-1822.0 138.1 -12.6 3 0 4.7 9.0 5.0 2.5 2 1 2 3 3
-1825.6 14.4 -13.1 98 0 10.1 13.7 5.0 2.5 2 1 2 1 1
-1808.6 7.3 -13.0 92 0 4.5 19.5 5.0 0.0 0 1 2 2 2
-1865.9 265.6 -12.4 275 0 7.7 5.4 7.5 2.5 2 0 3 4 4
-1858.0 47.2 -13.2 99 0 6.8 10.0 7.5 2.5 4 1 3 4 4
-2057.6 737.4 -3.6 357 0 8.4 11.2 7.5 2.5 2 1 3 0 0
-2093.5 990.2 -4.2 81 0 16.6 18.6 10.0 0.0 0 1 4 2 2
-2289.2 1299.3 -0.6 273 0 16.0 6.2 5.0 2.5 2 0 2 1 1
-2294.3 1255.4 -0.5 1 0 13.4 17.1 5.0 2.5 2 1 2 3 3
-2333.6 1254.8 -0.2 183 0 11.5 19.2 5.0 2.5 2 1 2 0 0
-2423.5 1316.0 1.4 185 0 8.4 14.7 7.5 2.5 4 1 3 2 2
-2469.2 1263.8 2.0 182 0 6.1 6.2 7.5 2.5 2 1 3 3 3
-2454.8 1201.4 1.7 4 0 13.3 12.9 5.0 2.5 2 0 2 1 1
-1146.7 -393.1 -14.4 83 0 11.7 12.1 7.5 0.0 0 1 3 1 1
-1216.6 -395.2 -14.3 88 0 8.8 17.0 7.5 2.5 2 1 3 0 0
-1443.2 -345.7 -11.7 268 0 12.9 24.5 5.0 2.5 2 1 2 0 0
-1499.1 -328.6 -12.2 273 0 27.1 22.5 7.5 0.0 0 0 3 2 2
-1570.9 -555.3 -13.5 88 0 15.5 20.2 7.5 2.5 2 1 3 3 3
-1521.8 -770.5 -14.2 88 0 12.5 10.6 7.5 2.5 2 0 3 4 4
-1272.7 -766.0 -12.7 2 0 6.9 10.5 7.5 2.5 4 1 3 3 3
-1269.5 -842.8 -12.8 185 0 8.8 6.4 5.0 2.5 4 0 2 1 1
-1136.3 -1315.7 -22.7 92 0 11.3 22.9 10.0 2.5 2 1 4 1 1
-1172.2 -1268.2 -21.9 180 0 17.9 12.7 7.5 2.5 4 0 3 2 2
-1166.7 -1223.8 -21.1 269 0 12.9 14.2 10.0 2.5 2 1 4 4 4
-1149.8 -1369.7 -23.9 21 0 9.8 5.7 2.5 2.5 2 0 1 5 5
-1215.5 -1109.9 -18.4 94 0 7.3 11.5 5.0 2.5 2 1 2 2 2
-2234.0 257.9 -12.1 272 0 10.0 19.1 2.5 2.5 2 1 1 1 1
-2304.7 172.7 -13.6 177 0 18.4 29.9 10.0 2.5 2 1 4 1 1
-2329.0 -1.2 -16.9 101 0 15.5 16.8 12.5 2.5 2 1 5 3 3
-2250.2 -105.1 -16.9 261 0 6.0 8.1 5.0 2.5 2 1 2 4 4
-2165.2 -264.2 -17.0 251 0 10.9 25.8 15.0 0.0 0 1 6 3 3
-2147.4 -229.2 -16.7 277 0 12.2 14.3 7.5 2.5 2 1 3 3 3
-2130.6 -289.9 -16.8 275 0 6.1 6.9 2.5 2.5 2 1 1 2 2
-2130.7 -314.8 -16.9 264 0 10.7 15.1 2.5 2.5 2 1 1 3 3
-2109.1 -310.2 -16.7 267 0 4.1 21.6 5.0 0.0 0 1 2 0 0
-2078.7 -308.7 -16.4 276 0 9.8 8.2 7.5 2.5 2 0 3 0 0
-2103.9 -345.8 -16.8 94 0 10.9 17.6 7.5 2.5 2 1 3 3 3
-2201.1 -329.1 -17.4 186 0 13.2 15.7 5.0 2.5 2 1 2 4 4
-2241.5 -276.1 -17.5 194 0 8.6 21.2 2.5 2.5 2 1 1 3 3
-2124.3 -376.6 -17.0 83 0 3.9 9.5 7.5 2.5 2 1 3 1 1
-2136.6 -386.0 -17.1 104 0 4.0 7.2 5.0 0.0 0 1 2 1 1
-2099.6 -383.1 -16.9 90 0 5.0 25.2 7.5 2.5 2 1 3 4 4
-2176.1 -316.2 -17.2 191 0 9.0 8.8 7.5 2.5 2 0 3 2 2
-2154.6 -337.9 -17.1 114 0 11.8 12.5 5.0 0.0 0 1 2 0 0
-2534.0 2035.9 4.0 184 0 26.9 44.3 12.5 0.0 0 1 5 0 0
-2562.9 2251.4 5.8 354 0 12.2 17.8 7.5 2.5 2 1 3 2 2
-2484.3 2292.5 5.3 357 0 32.4 24.8 10.0 0.0 0 0 4 3 3
-2546.0 2335.2 5.4 178 0 18.3 28.7 10.0 2.5 2 1 4 4 4
-2569.9 1850.8 4.3 114 0 13.2 9.2 5.0 2.5 2 0 2 5 5
-2514.0 1803.1 3.6 173 0 12.5 21.8 10.0 2.5 2 1 4 5 5
-2559.1 1698.3 3.5 264 0 18.0 28.6 7.5 2.5 2 1 3 3 3
-2554.1 1654.0 3.5 89 0 14.5 12.4 7.5 2.5 2 0 3 2 2
-2836.3 1568.9 2.2 85 0 16.6 16.2 7.5 2.5 2 0 3 4 4
-2971.6 1725.9 2.5 78 0 5.3 6.1 5.0 2.5 2 1 2 0 0
-2974.0 1753.6 2.6 181 0 6.6 8.4 5.0 2.5 2 1 2 0 0
-2998.8 1793.0 2.7 173 0 6.3 9.8 7.5 2.5 2 1 3 3 3
-2998.5 1760.0 2.6 177 0 16.0 9.5 5.0 2.5 2 0 2 1 1
-3388.0 1832.7 1.7 103 0 20.6 16.9 7.5 0.0 0 0 3 2 2
-3434.9 1962.0 2.2 90 0 18.0 13.6 10.0 2.5 2 0 4 5 5
-3992.7 2176.3 -0.8 6 0 13.5 10.3 5.0 2.5 2 0 2 2 2
-4029.9 2137.3 -0.0 183 0 17.1 15.3 5.0 2.5 2 0 2 3 3
-4030.5 2156.0 -0.5 181 0 15.5 15.4 10.0 2.5 2 0 4 2 2
-4572.3 330.8 4.2 271 0 53.1 45.6 10.0 0.0 0 0 4 0 0
-4532.0 219.3 1.7 355 0 28.8 33.2 15.0 0.0 0 1 6 3 3
-4593.6 160.6 2.5 90 0 8.6 16.3 2.5 2.5 2 1 1 0 0
-4625.1 350.0 6.5 255 0 6.6 5.9 2.5 2.5 2 0 1 4 4
-4593.9 421.2 4.8 101 0 13.2 12.5 7.5 0.0 0 0 3 4 4
-4577.6 524.1 3.3 83 0 17.2 13.5 5.0 2.5 2 0 2 1 1
-4557.5 551.6 2.7 349 0 14.8 32.4 10.0 2.5 4 1 4 2 2
-4526.0 549.4 2.0 359 0 23.0 15.2 7.5 2.5 2 0 3 4 4
-4529.2 513.0 2.5 30 0 8.2 12.5 5.0 2.5 2 1 2 2 2
-4482.8 600.3 0.4 8 0 10.9 14.7 2.5 2.5 4 1 1 0 0
-4506.1 488.9 2.1 80 0 7.8 11.3 7.5 2.5 4 1 3 3 3
-4511.7 716.5 -0.6 102 0 11.7 16.4 10.0 0.0 0 1 4 4 4
-4683.0 602.5 4.2 185 0 14.1 37.8 10.0 2.5 2 1 4 3 3
-4578.0 -2.0 1.6 184 0 61.3 73.5 15.0 0.0 0 1 6 4 4
-4613.7 -262.8 2.1 280 0 15.4 20.1 7.5 2.5 2 1 3 2 2
-4729.9 -96.4 3.2 175 0 22.6 42.5 12.5 0.0 0 1 5 4 4
-4402.1 276.3 -1.6 141 0 20.5 17.1 7.5 0.0 0 0 3 5 5
-4415.2 418.6 0.6 286 0 29.6 13.7 12.5 2.5 4 0 5 4 4
-4479.1 404.2 2.4 275 0 14.6 27.7 7.5 2.5 2 1 3 0 0
-4408.1 338.7 0.3 276 0 14.0 13.7 5.0 2.5 2 0 2 1 1
-4671.3 663.0 4.2 285 0 6.4 7.2 2.5 2.5 2 1 1 0 0
-4736.6 622.0 6.1 196 0 15.7 13.7 10.0 2.5 2 0 4 3 3
-4752.9 801.0 5.2 285 0 15.5 21.0 15.0 0.0 0 1 6 2 2
-4742.0 786.4 5.1 305 0 8.5 26.3 7.5 2.5 2 1 3 2 2
-4718.1 754.6 4.7 2 0 7.6 22.2 7.5 2.5 2 1 3 4 4
-4738.9 812.8 4.7 10 0 17.6 9.0 5.0 0.0 0 0 2 2 2
-4755.4 828.9 5.0 277 0 12.6 18.8 5.0 2.5 2 1 2 1 1
-4722.4 873.7 3.7 12 0 11.3 8.3 2.5 2.5 2 0 1 1 1
-4733.2 1025.3 4.7 99 0 21.6 10.5 7.5 0.0 0 0 3 4 4
-4768.6 925.1 4.8 183 0 6.0 8.6 7.5 2.5 2 1 3 4 4
-4819.1 804.9 6.7 110 0 17.8 15.3 7.5 2.5 4 0 3 3 3
-4922.7 785.0 9.8 197 0 18.0 15.4 7.5 2.5 2 0 3 4 4
-4863.0 771.9 8.6 12 0 24.4 12.7 10.0 2.5 2 0 4 0 0
-4859.0 749.1 8.8 0 0 19.5 6.6 5.0 2.5 2 0 2 0 0
-4976.3 873.1 11.5 292 0 16.4 31.8 7.5 2.5 2 1 3 0 0
-5094.5 667.4 9.3 197 0 9.4 19.2 7.5 2.5 2 0 3 1 1
-5066.8 569.3 8.2 3 0 14.0 25.1 7.5 2.5 2 1 3 5 5
-5168.6 541.1 8.0 100 0 7.7 21.6 7.5 0.0 0 1 3 2 2
-5136.7 563.9 8.3 83 0 6.6 13.7 2.5 2.5 2 1 1 3 3
-5161.2 517.3 7.8 273 0 5.0 22.7 5.0 2.5 2 1 2 4 4
-5133.4 526.6 7.7 275 0 9.0 35.3 7.5 2.5 2 1 3 3 3
-5102.8 388.0 8.1 0 0 6.9 10.7 7.5 2.5 2 1 3 1 1
-5129.5 404.9 8.0 277 0 14.8 9.7 5.0 2.5 2 0 2 4 4
-5126.8 357.6 7.9 5 0 10.7 17.5 10.0 2.5 2 1 4 4 4
-5164.7 424.4 7.8 281 0 9.4 9.7 5.0 2.5 2 1 2 1 1
-5198.4 344.5 7.7 101 0 11.8 20.0 5.0 2.5 2 1 2 2 2
-5203.5 383.4 8.0 186 0 10.7 17.6 2.5 2.5 4 1 1 4 4
-5298.4 337.9 6.7 115 0 8.7 19.7 2.5 2.5 2 1 1 2 2
-5340.2 272.1 7.0 198 0 36.1 6.3 7.5 2.5 2 0 3 1 1
-5322.7 65.7 5.7 199 0 49.9 13.4 7.5 2.5 2 0 3 3 3
-5267.8 21.7 4.8 20 0 76.3 16.3 10.0 2.5 2 0 4 4 4
-5352.1 -166.1 4.5 106 0 100.2 15.6 12.5 2.5 2 0 5 5 5
-5424.5 -453.8 5.4 51 0 40.1 39.3 7.5 0.0 0 0 3 2 2
-5455.6 -458.9 5.8 53 0 11.0 8.9 7.5 0.0 0 0 3 4 4
-5496.7 -468.5 6.1 229 0 11.5 10.3 5.0 2.5 2 0 2 2 2
-5445.3 -501.2 4.6 232 0 13.4 20.4 7.5 2.5 2 1 3 4 4
-5449.0 -544.6 4.7 141 0 10.3 18.1 5.0 2.5 2 1 2 4 4
-5419.0 -536.3 4.3 49 0 12.3 10.4 7.5 2.5 2 0 3 4 4
-5410.7 -560.3 4.0 41 0 11.0 20.8 2.5 2.5 2 1 1 3 3
-5391.7 -510.4 3.9 49 0 21.2 11.3 7.5 2.5 2 0 3 5 5
-5362.6 -478.2 3.9 316 0 10.5 25.6 7.5 2.5 2 1 3 4 4
-5329.9 -441.0 3.6 231 0 24.8 11.1 7.5 2.5 2 0 3 2 2
-5636.5 -2210.7 20.1 272 0 3.2 10.7 7.5 2.5 2 1 3 3 3
-5804.3 -2272.3 19.5 104 0 10.4 23.2 2.5 2.5 2 1 1 0 0
-5939.5 -2246.6 19.6 184 0 18.4 14.4 10.0 2.5 2 0 4 2 2
-6209.6 -2484.1 17.2 185 0 14.0 22.9 10.0 2.5 2 1 4 2 2
-6550.5 -2257.8 19.0 257 0 9.6 31.1 7.5 2.5 2 1 3 5 5
-6344.6 -2569.3 20.0 90 0 23.0 24.3 10.0 0.0 0 1 4 0 0
