293.7 -11554.7 -11.6 171 0 57.4 42.9 3.5 0.0 0 0 1 3 3
-32.8 -10291.5 -10.5 318 0 35.3 12.4 5.0 2.5 2 0 2 2 2
209.8 -11806.3 -13.8 269 0 18.2 30.2 12.5 2.5 2 1 5 1 1
-299.2 -10624.9 -14.4 12 0 57.2 10.4 14.0 3.5 2 0 4 1 1
-385.9 -10613.7 -14.9 120 0 25.4 9.4 10.5 3.5 2 0 3 4 4
-279.1 -10547.0 -13.9 15 0 36.4 9.9 10.5 0.0 0 0 3 3 3
393.3 -10115.1 -11.8 166 0 17.3 18.6 12.5 2.5 2 1 5 0 0
163.7 -10243.9 -9.2 63 0 36.9 14.5 12.5 2.5 2 0 5 0 0
-44.5 -11300.5 -3.6 199 0 11.2 13.3 14.0 3.5 2 1 4 0 0
32.1 -11156.0 -9.7 95 0 12.5 17.1 7.0 3.5 2 1 2 1 1
-390.7 -10626.9 -15.3 304 0 17.3 18.1 14.0 3.5 2 1 4 5 5
-111.7 -11051.8 -11.6 9 0 26.4 7.7 10.5 3.5 2 0 3 1 1
-121.2 -11040.7 -11.5 348 0 9.0 20.1 10.5 3.5 2 1 3 5 5
