4094.4 -11166.3 -11.5 115 0 5.9 5.7 7.5 2.5 2 0 3 0 0
4094.8 -11158.3 -11.5 113 0 17.7 6.3 7.5 0.0 0 0 3 2 2
4067.2 -11234.7 -11.5 202 0 17.8 11.4 2.5 2.5 2 0 1 0 0
3872.8 -11473.8 -11.1 134 0 6.6 8.3 7.5 2.5 2 1 3 4 4
3914.3 -11517.1 -11.1 209 0 6.5 9.4 5.0 2.5 2 1 2 4 4
3916.7 -11510.9 -11.1 208 0 4.6 10.0 7.5 2.5 2 1 3 1 1
3916.7 -11496.2 -11.2 112 0 9.7 10.4 2.5 0.0 0 1 1 4 4
3927.9 -11496.2 -11.2 110 0 9.4 14.8 5.0 0.0 0 1 2 1 1
3996.5 -11514.9 -11.2 286 0 6.4 6.5 7.5 0.0 0 1 3 0 0
3911.5 -11452.5 -11.2 203 0 5.3 6.4 2.5 2.5 2 1 1 0 0
3932.5 -11445.7 -11.2 288 0 8.1 4.7 7.5 2.5 2 0 3 5 5
3936.6 -11454.3 -11.2 18 0 3.2 11.3 2.5 2.5 2 1 1 5 5
