6261.0 11681.5 -20.9 60 0 21.1 42.3 14.0 3.5 2 1 4 5 5
6269.4 11734.9 -20.7 335 0 31.0 14.0 14.0 3.5 2 0 4 3 3
2651.8 11622.8 -0.2 89 1 14.4 14.0 17.5 3.5 2 0 5 3 3
2643.2 11645.7 -0.2 178 1 14.1 14.3 17.5 3.5 2 1 5 5 5
2666.2 11624.1 -0.2 88 1 12.3 14.8 17.5 3.5 2 1 5 5 5
2671.1 11647.1 -0.3 358 1 14.8 12.3 17.5 3.5 2 0 5 1 1
2643.1 11661.2 -0.3 178 1 14.8 12.3 17.5 3.5 2 0 5 3 3
1113.6 10668.3 7.2 96 0 17.7 19.2 14.0 3.5 2 1 4 0 0
1109.3 10737.4 6.2 186 0 14.9 21.6 14.0 3.5 2 1 4 1 1
1135.4 10683.6 6.4 94 0 16.5 24.7 14.0 0.0 0 1 4 4 4
3326.2 11107.8 -0.1 172 0 11.2 15.7 14.0 3.5 2 1 4 4 4
3322.1 11130.3 -0.3 170 0 18.1 17.0 14.0 3.5 2 0 4 2 2
6779.5 12264.0 -23.7 336 0 12.5 22.4 10.5 3.5 2 1 3 0 0
6664.2 12396.7 -23.7 160 0 14.8 13.7 14.0 3.5 2 0 4 3 3
6828.3 12229.1 -24.6 66 0 11.0 23.8 10.5 3.5 2 1 3 0 0
6713.5 12379.1 -23.6 246 0 11.4 16.4 14.0 3.5 2 1 4 4 4
6744.6 12392.3 -23.6 246 0 9.2 15.9 10.5 3.5 2 1 3 3 3
6670.7 12381.4 -23.6 160 0 16.2 12.4 14.0 3.5 2 0 4 0 0
6791.3 12384.8 -23.7 336 0 15.4 9.6 10.5 3.5 2 0 3 5 5
6751.7 12348.0 -23.5 246 0 13.6 18.3 14.0 3.5 2 1 4 1 1
6783.5 12362.1 -23.6 246 0 12.4 19.7 14.0 3.5 2 1 4 3 3
6766.6 12402.4 -23.7 246 0 12.1 16.6 14.0 3.5 2 1 4 5 5
6663.6 12415.4 -23.8 71 0 11.1 9.0 10.5 3.5 2 0 3 1 1
6769.3 12317.1 -23.4 66 0 10.3 15.5 14.0 3.5 2 1 4 0 0
6768.9 12201.2 -24.2 66 0 19.6 10.3 10.5 3.5 2 0 3 3 3
6797.1 12329.5 -23.5 66 0 8.3 14.0 10.5 3.5 2 1 3 2 2
6793.7 12229.5 -24.2 336 0 11.9 20.9 10.5 3.5 2 1 3 2 2
6737.4 12340.8 -23.5 246 0 15.3 17.9 14.0 3.5 2 1 4 4 4
6801.4 12360.0 -23.6 336 0 16.6 8.2 10.5 3.5 2 0 3 5 5
6706.1 12338.4 -23.4 66 0 9.6 17.9 10.5 3.5 4 1 3 3 3
6754.8 12397.9 -23.7 246 0 10.7 17.7 14.0 3.5 2 1 4 5 5
6740.2 12352.6 -23.5 66 0 12.4 16.3 14.0 3.5 2 1 4 0 0
6759.6 12312.4 -23.4 66 0 9.8 15.3 10.5 0.0 0 1 3 2 2
6770.4 12367.1 -23.6 66 0 8.9 16.4 10.5 3.5 2 1 3 5 5
6788.1 12325.9 -23.5 66 0 9.6 13.9 10.5 3.5 2 1 3 4 4
6784.9 12251.9 -23.9 336 0 12.3 22.0 10.5 3.5 2 1 3 3 3
6737.6 12302.2 -23.4 66 0 10.7 15.7 14.0 3.5 4 1 4 2 2
6771.1 12286.2 -23.4 336 0 12.9 21.6 10.5 3.5 2 1 3 5 5
6727.5 12347.0 -23.5 66 0 11.7 17.1 14.0 3.5 2 1 4 5 5
6701.9 12325.8 -23.4 246 0 13.0 17.7 14.0 0.0 0 1 4 3 3
6780.3 12370.9 -23.6 66 0 9.3 16.4 10.5 3.5 4 1 3 4 4
6761.0 12362.5 -23.6 66 0 8.9 15.4 10.5 3.5 2 1 3 0 0
6727.2 12383.6 -23.6 246 0 12.8 15.5 14.0 3.5 2 1 4 4 4
6788.6 12239.9 -24.1 336 0 10.6 20.4 10.5 3.5 2 1 3 0 0
6790.0 12208.9 -24.4 66 0 20.7 10.1 10.5 3.5 2 0 3 1 1
6685.9 12339.3 -23.4 156 0 15.3 11.7 14.0 0.0 0 0 4 5 5
6809.0 12274.8 -24.3 246 0 11.5 24.3 10.5 0.0 0 1 3 5 5
6807.7 12233.1 -24.5 156 0 23.0 10.4 10.5 0.0 0 0 3 2 2
6753.4 12298.2 -23.3 246 0 19.9 10.8 10.5 3.5 2 0 3 1 1
6778.6 12322.1 -23.5 66 0 7.7 13.3 10.5 3.5 2 1 3 5 5
6750.4 12214.9 -24.0 156 0 10.6 21.7 10.5 0.0 0 1 3 0 0
6797.7 12269.7 -24.2 246 0 11.8 24.2 10.5 3.5 2 1 3 3 3
6692.4 12382.3 -23.6 66 0 10.4 13.6 14.0 3.5 2 1 4 0 0
6847.2 12250.4 -24.7 336 0 14.7 19.0 10.5 3.5 2 1 3 5 5
6881.5 12251.4 -24.8 67 0 11.4 21.8 14.0 3.5 2 1 4 5 5
6900.1 12281.2 -24.7 339 0 7.5 16.5 10.5 3.5 2 1 3 0 0
6871.3 12302.6 -24.6 246 0 10.3 17.4 14.0 3.5 2 1 4 3 3
6891.0 12302.6 -24.5 335 0 15.4 11.7 14.0 3.5 4 0 4 1 1
6846.1 12276.5 -24.5 154 0 21.5 11.8 14.0 3.5 2 0 4 5 5
6857.9 12248.7 -24.8 156 0 15.0 14.6 14.0 3.5 2 0 4 2 2
6862.6 12414.4 -23.9 66 0 9.1 8.3 10.5 3.5 4 0 3 0 0
6863.8 12413.1 -23.8 246 0 10.0 9.7 10.5 3.5 2 0 3 0 0
6909.3 12413.9 -23.9 336 0 10.3 22.6 10.5 3.5 2 1 3 2 2
6915.2 12402.9 -23.9 336 0 11.2 21.8 10.5 3.5 2 1 3 0 0
6921.2 12359.8 -24.3 66 0 23.5 11.3 10.5 3.5 2 0 3 2 2
6878.5 12360.3 -24.1 156 0 11.5 24.6 10.5 3.5 2 1 3 2 2
6878.3 12373.1 -23.9 156 0 11.0 22.1 10.5 0.0 0 1 3 2 2
6873.4 12383.9 -23.8 155 0 11.9 22.1 10.5 3.5 2 1 3 3 3
6924.6 12360.2 -24.5 248 0 18.5 12.5 10.5 3.5 2 0 3 1 1
6887.0 12350.9 -24.2 157 0 7.9 9.9 10.5 3.5 2 1 3 1 1
6891.3 12339.9 -24.3 159 0 12.3 13.9 10.5 3.5 2 1 3 4 4
6919.8 12311.6 -24.5 335 0 9.7 16.1 10.5 3.5 2 1 3 3 3
6922.1 12302.0 -24.6 335 0 8.1 13.8 10.5 3.5 2 1 3 4 4
6923.7 12294.6 -24.9 248 0 26.1 11.5 10.5 3.5 2 0 3 5 5
6795.8 12413.9 -23.8 64 0 19.0 9.3 10.5 3.5 2 0 3 1 1
6798.3 12395.5 -23.7 154 0 8.5 9.3 10.5 3.5 2 1 3 1 1
6832.4 12415.1 -23.9 66 0 17.3 12.2 10.5 3.5 2 0 3 1 1
6843.3 12414.2 -23.8 336 0 9.7 13.9 10.5 3.5 2 1 3 0 0
6809.4 12358.5 -23.6 156 0 9.4 5.6 10.5 3.5 2 0 3 4 4
6823.1 12340.4 -23.6 156 0 11.5 20.8 10.5 3.5 2 1 3 3 3
6817.4 12349.9 -23.6 156 0 8.4 23.3 10.5 3.5 2 1 3 4 4
6850.1 12391.0 -23.7 336 0 11.6 16.0 10.5 3.5 2 1 3 5 5
6848.4 12403.7 -23.8 336 0 11.2 18.1 10.5 3.5 2 1 3 1 1
6856.6 12378.8 -23.7 336 0 11.6 17.7 10.5 3.5 4 1 3 3 3
6826.7 12328.9 -23.7 156 0 8.6 10.8 10.5 3.5 2 1 3 4 4
6831.5 12316.6 -23.9 156 0 10.6 13.9 10.5 3.5 2 1 3 1 1
6836.0 12306.3 -24.0 156 0 9.6 10.5 10.5 3.5 2 1 3 1 1
6864.9 12357.9 -23.8 336 0 11.4 22.5 10.5 3.5 2 1 3 3 3
6871.3 12347.0 -24.0 336 0 11.4 24.2 10.5 3.5 2 1 3 5 5
6876.9 12335.2 -24.2 336 0 12.1 23.6 10.5 0.0 0 1 3 2 2
6882.0 12324.3 -24.3 336 0 11.3 14.9 10.5 3.5 2 1 3 3 3
-5098.7 -11806.1 -29.2 271 0 23.4 9.3 7.5 2.5 2 0 3 2 2
3726.2 11418.2 -3.7 92 0 18.6 26.2 14.0 3.5 2 1 4 5 5
2901.5 11874.5 -2.8 90 0 31.0 29.2 17.5 0.0 0 0 5 0 0
2845.5 12188.5 -4.2 3 0 27.7 19.5 14.0 3.5 2 0 4 3 3
2798.5 12191.2 -4.1 183 0 25.6 23.2 14.0 3.5 2 0 4 2 2
2718.6 12065.4 -2.9 271 0 15.2 22.9 14.0 3.5 2 1 4 5 5
2708.7 12023.7 -2.7 95 0 29.0 17.5 14.0 3.5 2 0 4 4 4
2725.3 11975.0 -2.5 90 0 8.0 15.1 10.5 3.5 2 0 3 1 1
2643.0 12066.0 -2.6 272 0 17.4 21.6 14.0 3.5 2 0 4 0 0
2659.1 12065.5 -2.7 272 0 14.9 21.6 14.0 3.5 2 0 4 3 3
2794.9 12101.1 -3.6 180 0 22.9 23.9 14.0 3.5 2 1 4 2 2
2841.0 12099.6 -3.7 1 0 20.0 19.0 14.0 3.5 2 0 4 4 4
2845.5 12078.2 -3.5 1 0 13.6 26.0 14.0 3.5 4 1 4 2 2
2905.6 11976.7 -3.2 1 0 18.5 24.5 17.5 3.5 2 1 5 5 5
2915.0 11929.1 -3.0 357 0 23.8 30.7 17.5 0.0 0 1 5 3 3
3062.2 12003.5 -4.0 275 0 14.4 22.7 14.0 3.5 2 0 4 5 5
3046.5 12005.0 -4.0 276 0 17.6 23.0 14.0 3.5 2 0 4 2 2
3030.2 12006.9 -3.9 276 0 15.9 23.5 14.0 3.5 2 0 4 3 3
3014.2 12008.7 -3.9 276 0 17.3 23.9 14.0 3.5 2 0 4 2 2
2995.9 11982.6 -3.7 95 0 15.7 25.6 14.0 3.5 2 0 4 1 1
2980.7 11983.9 -3.7 95 0 15.0 26.1 14.0 3.5 2 0 4 3 3
2966.0 11984.7 -3.6 92 0 13.3 26.8 14.0 3.5 2 0 4 3 3
3076.3 12060.0 -4.4 274 0 17.9 19.6 14.0 3.5 2 1 4 0 0
3057.4 12061.9 -4.4 274 0 17.9 19.6 14.0 3.5 2 1 4 1 1
3055.1 12021.1 -4.2 94 0 17.9 19.6 14.0 3.5 2 1 4 3 3
3035.6 12022.0 -4.1 94 0 17.9 19.6 14.0 3.5 4 1 4 4 4
3176.5 11512.8 -1.8 193 0 25.6 14.9 14.0 3.5 2 0 4 2 2
3110.0 11501.9 -1.5 189 0 14.0 25.7 14.0 3.5 2 1 4 4 4
3155.6 11470.0 -1.4 12 0 12.7 21.3 14.0 3.5 2 1 4 2 2
3152.3 11455.9 -1.3 12 0 14.8 21.5 14.0 3.5 2 1 4 5 5
3218.4 11455.7 -1.6 280 0 31.2 17.8 14.0 3.5 2 0 4 2 2
3191.6 11418.6 -1.4 102 0 22.0 19.9 14.0 3.5 2 0 4 0 0
4376.3 12021.4 -10.1 358 0 14.2 14.7 14.0 3.5 2 1 4 5 5
3827.5 12182.2 -8.4 85 0 19.4 14.1 14.0 3.5 2 0 4 3 3
3791.5 12125.4 -7.9 268 0 11.6 21.7 17.5 0.0 0 1 5 2 2
3810.8 12085.1 -7.8 83 0 10.8 18.5 17.5 3.5 2 1 5 0 0
3809.4 11990.4 -7.2 355 0 11.1 36.6 17.5 3.5 2 1 5 4 4
3735.8 11932.7 -6.6 264 0 16.6 16.7 17.5 0.0 0 1 5 5 5
3714.4 11932.0 -6.5 266 0 18.1 18.7 17.5 3.5 2 1 5 5 5
3675.9 11867.2 -5.9 265 0 22.7 22.4 17.5 3.5 2 0 5 0 0
3702.5 11870.8 -6.1 265 0 22.7 22.4 17.5 3.5 2 0 5 4 4
3730.1 11873.4 -6.2 265 0 22.7 22.4 17.5 3.5 2 0 5 5 5
3707.1 11822.3 -5.9 85 0 22.7 22.4 17.5 3.5 2 0 5 3 3
3679.0 11819.8 -5.8 85 0 22.7 22.4 17.5 3.5 2 0 5 2 2
3750.1 11892.9 -6.5 89 0 20.8 22.0 17.5 3.5 4 1 5 1 1
3721.6 11890.0 -6.4 89 0 20.8 22.0 17.5 3.5 2 1 5 4 4
3693.3 11888.3 -6.2 89 0 20.8 22.0 17.5 3.5 2 1 5 2 2
3595.9 11409.4 -3.0 2 0 8.0 17.5 10.5 3.5 2 0 3 1 1
3564.5 11426.8 -3.0 182 0 9.1 14.5 10.5 3.5 2 0 3 5 5
3563.6 11402.1 -2.8 182 0 9.1 14.5 10.5 3.5 2 0 3 1 1
3563.9 11410.6 -2.9 182 0 8.0 14.5 10.5 3.5 2 0 3 4 4
3594.4 11368.3 -2.8 2 0 36.5 15.7 14.0 3.5 2 0 4 2 2
3569.4 11387.3 -2.7 272 0 19.6 11.6 14.0 3.5 2 0 4 5 5
3558.6 11361.3 -2.6 184 0 18.1 17.3 14.0 3.5 2 0 4 5 5
3554.3 11342.0 -2.5 182 0 13.5 15.6 14.0 3.5 2 1 4 5 5
3889.8 11376.4 -4.4 0 0 9.8 17.1 10.5 3.5 2 0 3 5 5
3855.3 11357.0 -4.2 180 0 8.9 17.3 10.5 3.5 2 0 3 1 1
3855.3 11347.4 -4.2 180 0 10.3 17.3 14.0 3.5 2 0 4 5 5
3855.2 11334.6 -4.1 180 0 15.2 23.2 14.0 3.5 2 0 4 0 0
3868.4 11294.2 -3.9 2 0 15.5 36.2 10.5 3.5 2 1 3 5 5
3869.3 11279.8 -3.9 358 0 11.9 19.0 10.5 3.5 2 0 3 5 5
3870.5 11256.9 -3.8 358 0 11.9 19.2 10.5 3.5 2 0 3 0 0
3871.6 11209.0 -3.8 358 0 11.9 18.4 10.5 3.5 2 0 3 2 2
3873.6 11171.5 -3.7 358 0 11.9 18.6 10.5 3.5 2 0 3 3 3
3835.5 11169.9 -3.5 178 0 11.9 19.6 10.5 3.5 2 0 3 0 0
3834.7 11182.7 -3.5 178 0 11.9 19.6 10.5 3.5 2 1 3 4 4
3834.3 11195.1 -3.6 178 0 11.9 19.6 10.5 3.5 2 1 3 2 2
3833.6 11207.5 -3.6 178 0 11.9 19.6 10.5 3.5 2 0 3 5 5
3830.9 11278.2 -3.7 178 0 11.9 19.6 10.5 3.5 2 0 3 1 1
3831.8 11255.3 -3.7 178 0 11.9 19.6 10.5 3.5 2 0 3 0 0
3871.7 11232.5 -3.8 358 0 11.9 19.8 10.5 3.5 2 0 3 2 2
3832.4 11230.9 -3.6 178 0 11.9 19.6 10.5 3.5 2 0 3 2 2
3677.7 11009.7 -1.8 90 0 10.7 21.4 14.0 3.5 2 0 4 5 5
3665.9 11009.7 -1.7 90 0 12.9 21.4 14.0 3.5 2 0 4 3 3
3654.2 11009.7 -1.6 90 0 10.6 21.4 14.0 3.5 2 0 4 1 1
3642.2 11009.7 -1.5 90 0 13.3 21.4 14.0 3.5 2 0 4 1 1
3630.2 11009.6 -1.4 90 0 10.8 21.4 14.0 3.5 2 0 4 1 1
3642.8 10984.7 -1.4 270 0 12.8 21.4 14.0 3.5 2 0 4 4 4
3630.5 10984.7 -1.3 270 0 11.8 21.4 14.0 3.5 2 0 4 2 2
3667.0 10984.6 -1.6 269 0 10.9 21.3 14.0 3.5 2 0 4 4 4
3678.6 10986.1 -1.7 270 0 12.2 22.8 14.0 3.5 2 0 4 4 4
3691.3 10986.5 -1.8 270 0 13.1 20.9 14.0 3.5 2 0 4 2 2
3702.8 10986.5 -1.9 270 0 9.9 20.9 10.5 3.5 2 0 3 1 1
3714.6 10986.5 -2.0 271 0 13.8 20.8 14.0 3.5 2 0 4 2 2
3750.9 10987.7 -2.3 270 0 11.4 20.0 14.0 3.5 2 0 4 3 3
3738.9 10987.7 -2.2 270 0 12.5 20.0 14.0 3.5 2 0 4 2 2
3751.0 10947.5 -2.2 90 0 11.5 20.2 14.0 3.5 2 0 4 5 5
3739.0 10947.5 -2.2 90 0 12.5 20.2 14.0 3.5 2 0 4 2 2
3714.7 10945.4 -1.9 90 0 13.7 20.2 14.0 3.5 2 0 4 0 0
3702.9 10945.4 -1.8 90 0 9.9 20.2 10.5 3.5 2 0 3 3 3
3691.4 10945.4 -1.8 90 0 13.1 20.3 14.0 3.5 2 0 4 0 0
3678.7 10944.6 -1.6 90 0 12.2 18.7 14.0 3.5 2 0 4 1 1
3667.1 10944.6 -1.5 90 0 11.0 18.7 14.0 3.5 2 0 4 1 1
3655.3 10944.6 -1.5 90 0 12.7 18.7 14.0 3.5 2 0 4 5 5
3630.6 10940.9 -1.2 90 0 11.8 22.3 14.0 3.5 2 0 4 5 5
3648.8 11574.0 -4.2 4 0 31.0 15.4 10.5 3.5 2 0 3 5 5
3632.7 11563.9 -4.0 4 0 20.3 17.1 10.5 3.5 2 0 3 3 3
3632.1 11517.8 -3.8 2 0 19.4 14.8 10.5 3.5 2 0 3 4 4
3649.4 11498.3 -3.7 3 0 14.6 16.5 10.5 3.5 2 1 3 2 2
3615.2 11499.3 -3.6 183 0 14.6 16.5 10.5 3.5 2 1 3 0 0
3589.2 11507.6 -3.6 189 0 17.8 23.6 10.5 3.5 2 1 3 3 3
3591.5 11529.9 -3.7 189 0 17.8 23.8 10.5 3.5 2 1 3 0 0
3590.3 11602.4 -4.1 8 0 26.0 17.7 14.0 3.5 2 0 4 2 2
3547.8 11555.4 -3.7 188 0 32.0 14.1 14.0 3.5 2 0 4 4 4
3537.9 11524.1 -3.5 189 0 22.1 22.0 14.0 3.5 2 0 4 0 0
3520.0 11406.7 -2.7 187 0 9.1 14.4 10.5 3.5 2 0 3 3 3
3518.8 11396.8 -2.6 187 0 10.9 14.4 14.0 3.5 2 0 4 2 2
3545.6 11351.1 -2.5 6 0 34.0 18.5 14.0 0.0 0 0 4 5 5
3518.0 11334.1 -2.4 94 0 11.8 36.0 14.0 3.5 2 0 4 5 5
3816.7 11239.0 -3.4 88 0 9.8 12.3 10.5 3.5 2 0 3 5 5
3807.9 11238.8 -3.3 89 0 8.0 12.3 10.5 3.5 2 0 3 2 2
3799.9 11238.6 -3.3 89 0 8.0 12.3 10.5 3.5 2 0 3 4 4
3789.7 11238.3 -3.2 88 0 12.5 12.3 14.0 3.5 2 0 4 3 3
3777.4 11238.0 -3.2 89 0 12.0 12.3 14.0 3.5 2 0 4 5 5
3752.5 11237.6 -3.0 89 0 6.6 12.3 10.5 3.5 2 0 3 2 2
3745.2 11237.5 -3.0 89 0 8.0 12.3 10.5 3.5 2 0 3 0 0
3721.8 11237.2 -2.8 89 0 8.4 12.3 10.5 3.5 2 0 3 5 5
3688.0 11236.8 -2.6 89 0 10.7 12.3 14.0 3.5 2 0 4 1 1
3678.8 11236.7 -2.4 89 0 7.7 12.3 10.5 3.5 2 0 3 3 3
3685.1 11197.9 -2.4 88 0 19.5 14.1 14.0 3.5 2 0 4 0 0
3653.7 11204.6 -2.3 178 0 14.1 21.0 14.0 3.5 2 1 4 4 4
2794.1 11764.8 -1.6 356 0 37.2 89.9 17.5 0.0 0 1 5 4 4
3159.8 11484.3 -1.5 12 0 12.7 21.3 14.0 3.5 2 1 4 2 2
2537.4 11213.9 2.4 176 0 38.6 72.3 14.0 0.0 0 1 4 4 4
