-4558.4 7298.6 -11.9 4 0 7.2 35.4 10.5 3.5 2 1 3 5 5
-4627.1 7373.5 -12.2 108 0 9.1 14.5 10.5 3.5 2 1 3 3 3
-5201.5 6501.6 -3.6 253 0 13.0 32.0 7.5 0.0 0 1 3 4 4
-5260.0 6483.7 -3.5 254 0 13.4 24.0 10.0 2.5 2 1 4 0 0
-5287.2 6426.0 -2.8 162 0 15.8 19.6 7.5 2.5 2 1 3 3 3
-5354.9 6410.4 -2.7 355 0 31.7 13.5 7.5 2.5 2 0 3 3 3
-4393.5 6665.6 -7.8 286 0 8.4 15.3 10.5 0.0 0 1 3 4 4
-4511.5 6625.7 -7.0 282 0 9.4 32.0 10.5 3.5 2 1 3 3 3
-4323.9 6786.7 -9.3 90 0 6.3 15.4 10.5 3.5 2 1 3 4 4
-4231.1 6632.3 -8.4 224 0 14.5 6.2 10.5 0.0 0 0 3 2 2
-4208.4 6665.9 -8.7 225 0 13.5 5.5 10.5 3.5 2 0 3 4 4
-4166.4 6635.1 -8.8 316 0 6.5 16.5 10.5 3.5 2 1 3 0 0
-5525.4 6045.4 1.0 173 0 63.0 13.0 10.0 2.5 2 0 4 5 5
-5533.0 6119.7 0.3 174 0 63.4 12.9 10.0 2.5 2 0 4 5 5
-5774.8 6594.4 -4.8 257 0 21.3 36.3 7.5 0.0 0 1 3 0 0
-5796.5 6421.5 -3.0 173 0 14.6 8.5 10.5 3.5 4 0 3 5 5
-5833.2 6484.2 -3.7 172 0 14.9 8.9 7.5 2.5 2 0 3 4 4
-5821.9 6463.9 -3.5 170 0 13.6 46.5 7.5 0.0 0 1 3 2 2
-5755.7 6453.8 -3.5 77 0 11.6 30.6 12.5 2.5 2 1 5 5 5
