-6794.9 12394.4 -3.6 246 0 11.5 20.1 14.0 3.5 2 1 4 1 1
-6806.8 12388.6 -3.8 246 0 12.2 21.0 14.0 3.5 2 1 4 2 2
-6817.7 12383.2 -3.8 246 0 10.0 21.9 14.0 3.5 2 1 4 0 0
-6827.9 12378.3 -3.5 246 0 10.8 23.7 14.0 0.0 0 1 4 0 0
-6839.6 12374.4 -3.2 246 0 10.4 22.5 14.0 3.5 2 1 4 5 5
-6849.8 12369.2 -2.9 246 0 8.9 21.8 10.5 3.5 2 1 3 4 4
-6859.7 12362.7 -2.7 246 0 10.7 21.5 14.0 3.5 2 1 4 1 1
-6871.1 12359.8 -2.6 246 0 8.2 13.7 10.5 3.5 2 1 3 2 2
-6765.3 12357.6 -4.5 336 0 15.1 17.5 14.0 3.5 2 1 4 2 2
-6786.7 12344.3 -4.1 66 0 11.4 17.7 14.0 0.0 0 1 4 4 4
-6797.7 12341.2 -3.8 66 0 7.9 16.3 10.5 3.5 2 1 3 1 1
-6820.6 12331.2 -3.2 66 0 12.5 17.7 14.0 3.5 4 1 4 5 5
-6832.8 12325.6 -2.9 66 0 10.5 23.0 14.0 3.5 2 1 4 2 2
-6843.6 12319.6 -3.0 66 0 10.9 22.0 14.0 3.5 2 1 4 1 1
-6853.8 12316.2 -3.0 66 0 7.5 12.3 10.5 0.0 0 1 3 5 5
-6873.9 12314.1 -3.0 156 0 12.0 9.9 10.5 3.5 2 0 3 5 5
-6926.0 12394.9 -1.7 336 0 10.9 23.3 14.0 3.5 2 1 4 2 2
-6907.1 12356.4 -2.3 337 0 16.7 12.7 14.0 3.5 2 0 4 4 4
-6900.1 12340.8 -2.5 335 0 11.7 12.4 14.0 3.5 2 1 4 3 3
-6895.4 12328.5 -2.7 338 0 11.7 12.4 14.0 3.5 2 1 4 2 2
-6890.2 12316.5 -2.9 337 0 12.2 22.2 14.0 3.5 2 1 4 0 0
-6884.6 12305.2 -3.0 337 0 10.3 25.7 14.0 3.5 2 1 4 0 0
-6839.8 12427.2 -2.2 66 0 26.7 11.1 10.5 3.5 2 0 3 5 5
-6822.9 12427.3 -2.4 156 0 13.1 20.2 10.5 0.0 0 1 3 3 3
-6793.5 12414.0 -2.9 336 0 12.1 14.4 10.5 3.5 4 1 3 2 2
-6840.2 12425.0 -2.5 246 0 23.5 11.4 10.5 3.5 2 0 3 0 0
-6843.6 12404.2 -2.6 156 0 11.0 20.1 10.5 3.5 2 1 3 0 0
-6840.6 12393.2 -3.0 156 0 10.3 22.9 10.5 3.5 2 1 3 2 2
-6921.2 12423.6 -1.6 156 0 10.7 22.2 10.5 3.5 2 1 3 1 1
-6737.4 12407.0 -3.5 337 0 11.0 17.0 14.0 3.5 2 1 4 5 5
-6732.8 12396.9 -3.5 337 0 11.0 17.0 14.0 3.5 2 1 4 2 2
-6723.4 12376.2 -4.0 337 0 11.0 17.0 14.0 3.5 4 1 4 1 1
-6766.8 12430.4 -2.8 337 0 11.0 17.0 14.0 3.5 4 1 4 5 5
-6772.1 12422.0 -3.1 247 0 17.0 11.0 14.0 3.5 2 0 4 3 3
-6768.7 12393.4 -3.3 157 0 10.9 17.0 14.0 0.0 0 1 4 4 4
-6764.2 12383.2 -3.5 157 0 11.0 17.0 14.0 3.5 2 1 4 5 5
-6759.4 12372.7 -3.9 157 0 11.0 17.0 14.0 3.5 2 1 4 3 3
-6670.1 12428.7 -3.8 248 0 6.0 15.3 10.5 3.5 2 1 3 4 4
-6646.2 12421.9 -3.6 68 0 4.7 15.0 10.5 3.5 4 1 3 0 0
-6656.2 12400.9 -4.3 66 0 7.8 13.9 10.5 3.5 2 1 3 0 0
-6642.6 12413.7 -4.2 336 0 11.9 5.6 10.5 3.5 2 0 3 0 0
-6648.4 12411.3 -4.3 337 0 12.5 6.2 10.5 3.5 2 0 3 5 5
-6681.5 12423.5 -4.0 246 0 8.3 16.2 10.5 3.5 2 1 3 1 1
-6665.9 12396.0 -4.3 68 0 6.5 13.5 10.5 3.5 4 1 3 4 4
-6688.4 12420.9 -4.0 248 0 5.4 16.6 10.5 3.5 2 1 3 0 0
-6684.9 12387.7 -4.0 68 0 8.8 15.6 10.5 0.0 0 1 3 2 2
-6702.4 12412.4 -4.0 248 0 5.7 12.4 10.5 0.0 0 1 3 4 4
-6709.8 12410.3 -3.9 248 0 8.2 13.2 10.5 3.5 4 1 3 4 4
-6697.0 12383.3 -3.9 68 0 12.0 14.9 14.0 3.5 2 1 4 1 1
-6719.9 12405.6 -3.8 248 0 10.0 15.0 10.5 3.5 2 1 3 3 3
-6716.4 12382.0 -3.8 158 0 14.1 11.1 14.0 3.5 2 0 4 1 1
-6730.3 12426.9 -3.2 151 0 37.6 34.0 14.0 0.0 0 0 4 0 0
-2183.1 12426.5 -26.7 184 0 65.9 153.3 14.0 0.0 0 1 4 2 2
-4904.8 -1520.0 -5.8 198 0 19.7 18.0 10.0 2.5 2 0 4 2 2
-4943.8 -1648.4 -5.4 109 0 18.0 20.0 10.0 2.5 2 1 4 0 0
-4931.4 -1589.7 -5.4 198 0 19.7 18.0 10.0 2.5 2 0 4 2 2
-4940.8 -1613.2 -5.5 198 0 19.7 18.0 10.0 2.5 4 0 4 1 1
-4922.7 -1566.5 -5.4 198 0 19.7 18.0 7.5 2.5 2 0 3 5 5
-4913.4 -1543.0 -5.9 198 0 19.7 18.0 5.0 2.5 2 0 2 1 1
