-716.7 -8913.0 -8.2 350 0 16.4 3.3 7.5 2.5 2 0 3 3 3
-720.6 -8887.4 -7.9 350 0 16.4 3.3 7.5 2.5 2 0 3 1 1
-712.4 -8938.9 -8.4 350 0 16.4 3.3 5.0 2.5 2 0 2 1 1
-728.8 -8914.8 -8.3 350 0 16.4 3.3 2.5 0.0 0 0 1 2 2
-781.7 -8958.8 -9.3 80 0 3.3 16.4 7.5 2.5 2 1 3 1 1
-759.4 -8885.4 -8.4 260 0 3.2 16.4 7.5 2.5 2 1 3 0 0
-732.7 -8889.2 -8.1 350 0 16.4 3.3 2.5 2.5 2 0 1 4 4
-797.1 -8866.4 -8.6 260 0 3.2 16.4 7.5 2.5 2 1 3 5 5
-752.9 -8927.3 -8.7 80 0 3.3 16.4 5.0 2.5 2 1 2 4 4
-817.4 -8903.9 -9.2 171 0 16.4 3.3 5.0 2.5 2 0 2 0 0
-771.5 -8887.2 -8.6 261 0 3.2 16.4 7.5 0.0 0 1 3 5 5
-821.2 -8870.0 -8.9 260 0 3.2 16.4 5.0 2.5 2 1 2 2 2
-724.8 -8949.0 -8.5 80 0 3.3 16.4 5.0 2.5 2 1 2 0 0
-736.8 -8950.9 -8.7 80 0 3.3 16.4 7.5 2.5 2 1 3 0 0
-765.0 -8929.1 -8.8 80 0 3.3 16.4 2.5 0.0 0 1 1 4 4
-748.6 -8953.1 -8.9 80 0 3.3 16.4 5.0 2.5 2 1 2 3 3
-809.2 -8868.2 -8.8 261 0 3.2 16.4 5.0 2.5 2 1 2 4 4
-747.7 -8883.2 -8.2 260 0 3.2 16.4 7.5 2.5 2 1 3 4 4
1672.2 -8419.1 -3.9 112 0 11.4 15.2 17.5 3.5 2 1 5 1 1
1663.3 -8429.4 -3.8 200 0 15.0 13.4 17.5 3.5 2 0 5 0 0
1648.7 -8460.6 -3.5 16 0 14.4 9.1 10.5 3.5 4 0 3 4 4
1633.4 -8448.6 -3.5 286 0 13.7 14.5 17.5 0.0 0 1 5 0 0
1698.6 -8409.2 -4.0 21 0 6.7 12.6 10.5 3.5 2 0 3 1 1
1684.8 -8388.2 -3.8 294 0 10.4 17.1 17.5 3.5 2 1 5 0 0
1695.8 -8416.6 -4.0 23 0 8.4 12.6 10.5 3.5 2 0 3 4 4
1654.6 -8418.8 -3.7 285 0 12.5 14.9 14.0 3.5 2 0 4 0 0
1683.8 -8457.1 -3.7 17 0 11.4 12.3 17.5 3.5 2 1 5 5 5
1672.8 -8462.7 -3.6 289 0 14.9 15.2 17.5 3.5 2 1 5 1 1
1653.2 -8464.7 -3.6 198 0 15.1 8.9 10.5 3.5 4 0 3 3 3
1456.2 -8407.3 -2.7 179 0 14.6 26.4 17.5 0.0 0 1 5 0 0
1211.7 -9040.3 -4.9 29 0 25.8 19.1 14.0 3.5 2 0 4 4 4
